36
0 0 200 200
200 0 200 200
400 0 200 200
600 0 200 200
800 0 200 200
1000 0 200 200
1200 0 200 200
1400 0 200 200
1600 0 200 200
1800 0 200 200
2000 0 200 200
2200 0 200 200
2400 0 200 200
2600 0 200 200
2800 0 200 200
3000 0 200 200
0 200 200 200
200 200 200 200
400 200 200 200
600 200 200 200
0 400 200 200
200 400 200 200
400 400 200 200
600 400 200 200
0 600 200 200
200 600 200 200
400 600 200 200
600 600 200 200
0 800 200 200
200 800 200 200
400 800 200 200
600 800 200 200
0 1000 200 200
200 1000 200 200
400 1000 200 200
600 1000 200 200