271
16 200
13 2 300 400 200 200
13 6 0 1400 400 200
13 9 0 400 300 200
13 11 400 0 300 200
13 14 0 0 400 200
10 8 200 1000 200 200
10 9 400 1400 300 200
12 18 200 1600 200 200
12 19 200 1600 200 200
12 20 200 1600 200 200
12 21 200 1600 200 200
12 22 200 1600 200 200
9 21 0 1000 200 200
7 18 0 1400 400 200
6 11 0 1600 200 200
6 12 0 600 200 200
7 4 400 1400 300 200
7 3 0 1000 200 200
5 1 400 1000 200 200
2 14 0 1600 200 200
2 15 0 1600 200 200
1 16 400 600 200 400
2 17 0 1600 200 200
2 18 0 1600 200 200
1 25 600 1200 200 200
1 25 400 1400 300 200
1 29 0 400 500 200
0 35 0 1000 200 200
0 49 0 1000 200 200
0 62 0 1000 200 200
1 65 0 1400 400 200
1 68 300 400 200 200
2 73 400 600 200 400
4 71 400 1400 300 200
6 66 200 1600 200 200
6 67 400 1600 200 200
7 60 0 1400 400 200
9 54 300 400 200 200
10 48 0 1200 200 200
10 49 0 1200 200 200
7 50 400 1000 200 200
10 51 0 1200 200 200
10 52 0 1200 200 200
9 44 400 1400 300 200
9 45 400 0 300 200
9 45 400 1400 300 200
7 36 0 400 500 200
7 31 0 1400 400 200
11 27 300 400 200 200
11 28 400 1200 200 200
10 32 2300 1000 900 800
10 37 2300 1000 900 800
13 44 0 400 500 200
13 56 0 400 500 200
10 58 2300 1000 900 800
10 63 2300 1000 900 800
11 71 0 0 400 200
10 75 600 1200 200 200
10 75 400 1400 190 200
13 73 400 1000 200 200
12 79 0 1600 200 200
12 80 400 1400 300 200
13 82 200 1600 200 200
13 83 200 1600 200 200
13 84 200 1600 200 200
13 85 200 1600 200 200
13 86 200 1600 200 200
13 87 200 1600 200 200
13 88 200 1600 200 200
13 89 200 1600 200 200
13 90 200 1600 200 200
13 91 200 1600 200 200
13 92 200 1600 200 200
13 105 0 1000 200 200
13 105 400 1000 200 150
13 109 0 400 500 200
13 114 0 1400 400 200
11 120 0 1200 200 200
11 121 0 1200 200 200
13 124 400 0 300 200
13 126 0 0 400 200
3 76 600 1200 200 200
3 76 0 1200 200 200
5 78 0 1600 200 200
5 79 0 1600 200 200
5 80 0 1600 200 200
6 82 0 1400 400 200
9 87 200 1600 200 200
9 88 200 1600 200 200
9 89 200 1600 200 200
9 90 200 1600 200 200
8 91 0 1200 400 200
8 93 0 1200 200 200
8 104 0 1600 200 200
7 107 0 1600 200 200
6 110 0 1400 400 200
5 114 0 1600 200 200
4 117 0 1400 400 200
4 119 0 1600 200 200
3 121 0 600 200 200
3 122 300 400 200 200
2 123 0 1000 200 200
1 124 0 1000 200 200
1 79 0 1400 400 200
2 83 0 1400 400 200
2 85 0 200 500 200
1 90 0 1400 400 200
1 102 200 1600 200 200
1 103 0 1600 200 200
1 104 200 1600 200 200
1 116 400 1400 300 200
1 117 400 1400 300 200
1 132 400 1600 200 200
1 133 400 1600 200 200
1 134 400 1600 200 200
1 135 400 1600 200 200
1 136 400 1600 200 200
1 137 400 1600 200 200
1 138 400 1600 200 200
0 132 400 600 200 400
0 133 400 600 200 400
0 134 400 600 200 400
0 135 400 600 200 400
0 136 400 600 200 400
0 137 400 600 200 400
0 138 400 600 200 400
1 148 0 0 400 200
1 151 400 0 300 200
1 155 0 400 500 200
4 165 0 1400 400 200
2 168 1400 100 900 800
5 170 600 1000 200 200
5 170 0 1200 200 200
11 129 0 1400 400 200
8 131 0 1600 200 200
6 129 0 1000 200 200
5 126 200 1600 200 200
5 127 200 1600 200 200
8 126 200 1600 200 200
8 127 200 1600 200 200
3 129 200 1600 200 200
3 130 200 1600 200 200
4 131 200 1600 200 200
4 132 200 1600 200 200
6 133 200 1600 200 200
9 134 200 1600 200 200
10 135 200 1600 200 200
13 134 600 1600 300 200
13 135 600 1600 300 200
13 136 600 1600 300 200
13 137 600 1600 300 200
13 138 600 1600 300 200
13 139 600 1600 300 200
13 140 600 1600 300 200
13 141 600 1600 300 200
13 142 600 1600 300 200
13 143 600 1600 300 200
13 144 600 1600 300 200
13 145 600 1600 300 200
13 146 600 1600 300 200
13 147 600 1600 300 200
13 148 600 1600 200 200
4 138 200 1600 200 200
4 139 200 1600 200 200
6 140 200 1600 200 200
6 141 200 1600 200 200
8 142 200 1600 200 200
8 143 200 1600 200 200
8 144 200 1600 200 200
9 145 200 1600 200 200
9 146 200 1600 200 200
11 148 200 1600 200 200
11 149 200 1600 200 200
3 141 0 1000 200 200
3 141 400 1000 200 150
4 144 200 1600 200 200
4 145 200 1600 200 200
4 146 200 1600 200 200
4 147 200 1600 200 200
4 148 200 1600 200 200
5 149 200 1600 200 200
5 150 200 1600 200 200
5 151 200 1600 200 200
5 152 200 1600 200 200
6 153 200 1600 200 200
6 154 200 1600 200 200
6 155 200 1600 200 200
6 156 200 1600 200 200
6 157 200 1600 200 200
7 158 200 1600 200 200
7 159 200 1600 200 200
7 160 200 1600 200 200
7 161 200 1600 200 200
10 156 200 1600 200 200
10 157 200 1600 200 200
10 158 200 1600 200 200
10 159 200 1600 200 200
10 160 200 1600 200 200
10 161 200 1600 200 200
10 162 200 1600 200 200
9 163 200 1600 200 200
9 164 200 1600 200 200
8 165 200 1600 200 200
8 166 200 1600 200 200
12 152 0 0 400 200
13 154 0 1200 200 200
13 155 0 1200 200 200
13 156 0 1200 200 200
13 157 0 1200 200 200
13 158 0 1200 200 200
13 159 0 1200 200 200
13 160 0 1200 200 200
13 161 0 1200 200 200
13 162 0 1200 200 200
13 163 0 1200 200 200
13 164 0 1200 200 200
13 165 0 1200 200 200
13 166 0 1200 200 200
13 167 0 1200 200 200
13 168 0 1200 200 200
13 169 0 1200 200 200
13 170 0 1200 200 200
13 171 0 1200 200 200
13 172 0 1200 200 200
13 173 0 1200 200 200
13 174 0 1200 200 200
13 175 0 1200 200 200
13 176 0 1200 200 200
13 177 0 1200 200 200
13 178 0 1200 200 200
10 169 2300 1000 900 800
4 176 0 400 500 200
4 179 0 1600 200 200
3 182 0 1400 400 200
1 186 0 1000 200 200
1 187 0 1000 200 200
1 188 0 1000 200 200
1 189 0 1000 200 200
1 190 0 1000 200 200
1 191 0 1000 200 200
1 192 0 1000 200 200
1 193 0 1000 200 200
1 194 0 1000 200 200
1 195 0 1000 200 200
1 196 0 1000 200 200
1 186 400 1000 200 150
1 187 400 1000 200 150
1 188 400 1000 200 150
1 189 400 1000 200 150
1 190 400 1000 200 150
1 191 400 1000 200 150
1 192 400 1000 200 150
1 193 400 1000 200 150
1 194 400 1000 200 150
1 195 400 1000 200 150
1 196 400 1000 200 150
2 198 0 1600 200 200
4 198 0 1600 200 200
6 198 0 1600 200 200
8 198 0 1600 200 200
10 198 0 1600 200 200
12 198 0 1600 200 200
2 184 400 1400 300 200
13 195 0 1200 200 200
13 196 0 1200 200 200
13 197 0 1200 200 200
12 179 0 1600 200 200
12 193 0 1400 400 200
11 182 0 400 500 200
11 186 0 0 400 200
11 190 400 0 300 200