23
30 100
23 6 600 0 400 400
24 11 0 1200 200 200
21 21 0 400 800 800
23 25 800 400 1800 400
18 37 2600 400 400 800
8 1 3000 600 200 200
17 3 3000 600 200 200
20 1 3000 600 200 200
11 4 3000 400 200 200
14 1 3000 400 200 200
0 3 800 800 1800 600
0 12 800 800 1800 600
0 26 800 800 1800 600
0 21 800 800 1000 600
6 54 400 1200 200 200
0 69 400 0 200 400
18 67 0 0 400 400
24 76 200 1200 200 200
24 82 600 1200 200 200
24 83 600 1200 200 200
24 84 600 1200 200 200
24 85 600 1200 200 200
24 86 600 1200 200 200