103
16 200
13 5 1400 1400 200 200
13 4 2800 400 200 200
13 9 2800 200 200 200
13 6 2800 1400 200 200
13 10 1600 1200 400 200
12 12 1200 1400 200 200
12 12 3000 0 200 200
11 19 3000 400 200 200
11 21 1600 1400 200 200
11 31 800 1200 400 600
13 36 1200 1400 200 200
13 37 3000 0 200 200
13 48 3000 400 200 200
13 48 3000 1000 200 200
10 43 1200 1600 400 200
4 21 1400 1400 200 200
4 17 1200 1600 400 200
4 13 2800 1200 200 200
4 13 3000 0 200 200
5 9 1200 1200 400 200
5 5 2800 600 200 200
3 5 3000 1200 200 200
1 29 0 1200 400 600
1 37 800 1200 400 600
1 42 1200 1400 200 200
0 51 1200 1600 400 200
0 55 3000 400 200 200
0 59 2800 1000 200 200
6 57 3000 400 200 200
6 58 3000 400 200 200
6 59 3000 400 200 200
9 54 1600 1200 400 200
11 50 1600 1400 200 200
13 54 2800 200 200 200
13 55 2800 200 200 200
13 56 2800 200 200 200
13 57 2800 200 200 200
13 58 2800 200 200 200
13 59 2800 200 200 200
13 60 2800 200 200 200
13 61 2800 200 200 200
13 62 2800 200 200 200
13 63 2800 200 200 200
13 64 2800 200 200 200
13 65 2800 200 200 200
13 66 2800 200 200 200
13 67 2800 200 200 200
13 68 2800 200 200 200
13 69 2800 200 200 200
13 70 2800 200 200 200
13 71 2800 200 200 200
11 74 3000 1200 200 200
5 70 2800 800 200 200
0 71 400 1200 400 600
0 77 1200 1400 200 200
13 94 1400 1400 200 200
10 124 3000 0 200 200
5 98 0 1200 400 600
1 107 2800 1400 200 200
13 110 1200 1600 400 200
0 126 1200 1400 200 200
1 127 1200 1200 400 200
7 134 1200 1400 200 200
8 132 1600 1200 400 200
10 129 2800 1400 200 200
10 129 3000 0 200 200
13 128 2800 600 200 200
13 129 2800 600 200 200
13 131 2800 600 200 200
13 132 2800 600 200 200
9 139 800 1200 400 600
10 150 2800 800 200 200
13 149 3000 400 200 200
13 150 3000 400 200 200
13 151 3000 400 200 200
13 152 3000 400 200 200
13 153 3000 400 200 200
13 154 3000 400 200 200
13 155 3000 400 200 200
13 156 3000 400 200 200
13 160 3000 400 200 200
13 161 3000 400 200 200
13 162 3000 400 200 200
10 163 400 1200 400 600
13 165 3000 400 200 200
13 166 3000 400 200 200
13 167 3000 400 200 200
13 168 3000 400 200 200
13 169 3000 400 200 200
13 170 3000 400 200 200
13 171 3000 400 200 200
13 172 3000 400 200 200
7 173 3000 0 200 200
8 161 1200 1600 400 200
0 163 0 1200 400 600
3 180 3000 0 200 200
3 180 2800 1000 200 200
12 176 2800 600 200 200
12 177 2800 600 200 200
12 178 2800 600 200 200
12 179 2800 600 200 200
12 180 2800 600 200 200
11 182 1600 1200 400 200