5760 1080
8 1920
7 8 9 10 11 12 13 14
160 160
-1 -1 -1 -1 -1 -1 -1 -1 -1 -1 -1 -1 -1 -1 -1 -1 -1 -1 -1 -1 -1 -1 -1 -1 -1 -1 -1 -1 -1 -1 -1 -1 -1 -1 -1 -1 -1 -1 -1 -1 -1 -1 -1 -1 -1 -1 -1 -1 -1 -1 -1 -1 -1 -1 -1 -1 -1 -1 -1 -1 -1 -1 -1 -1 -1 -1 -1 -1 -1 -1 -1 -1 -1 -1 -1 -1 -1 -1 -1 -1 -1 -1 -1 -1 -1 -1 -1 -1 -1 -1 -1 -1 -1 -1 -1 -1 -1 -1 -1 -1 -1 -1 -1 -1 -1 -1 -1 -1 -1 -1 -1 -1 -1 -1 -1 -1 -1 -1 -1 -1 -1 -1 -1 -1 -1 -1 -1 -1 -1 -1 -1 -1 -1 -1 -1 -1 -1 -1 -1 -1 -1 -1 -1 -1 -1 -1 -1 -1 -1 -1 -1 -1 -1 -1 -1 -1 -1 -1 -1 -1 
-1 -1 -1 -1 -1 -1 -1 -1 -1 -1 -1 -1 -1 -1 -1 -1 -1 -1 -1 -1 -1 -1 -1 -1 -1 -1 -1 -1 -1 -1 -1 -1 -1 -1 -1 -1 -1 -1 -1 -1 -1 -1 -1 -1 -1 -1 -1 -1 -1 -1 -1 -1 -1 -1 -1 -1 -1 -1 -1 -1 -1 -1 -1 -1 -1 -1 -1 -1 -1 -1 -1 -1 -1 -1 -1 -1 -1 -1 -1 -1 -1 -1 -1 -1 -1 -1 -1 -1 -1 -1 -1 -1 -1 -1 -1 -1 -1 -1 -1 -1 -1 -1 -1 -1 -1 -1 -1 -1 -1 -1 -1 -1 -1 -1 -1 -1 -1 -1 -1 -1 -1 -1 -1 -1 -1 -1 -1 -1 -1 -1 -1 -1 -1 -1 -1 -1 -1 -1 -1 -1 -1 -1 -1 -1 -1 -1 -1 -1 -1 -1 -1 -1 -1 -1 -1 -1 -1 -1 -1 -1 
-1 -1 -1 -1 -1 -1 -1 -1 -1 -1 -1 -1 -1 -1 -1 -1 -1 -1 -1 -1 -1 -1 -1 -1 -1 -1 -1 -1 -1 -1 -1 -1 -1 -1 -1 -1 -1 -1 -1 -1 -1 -1 -1 -1 -1 -1 -1 -1 -1 -1 -1 -1 -1 -1 -1 -1 -1 -1 -1 -1 -1 -1 -1 -1 -1 -1 -1 -1 -1 -1 -1 -1 -1 -1 -1 -1 -1 -1 -1 -1 -1 -1 -1 -1 -1 -1 -1 -1 -1 -1 -1 -1 -1 -1 -1 -1 -1 -1 -1 -1 -1 -1 -1 -1 -1 -1 -1 -1 -1 -1 -1 -1 -1 -1 -1 -1 -1 -1 -1 -1 -1 -1 -1 -1 -1 -1 -1 -1 -1 -1 -1 -1 -1 -1 -1 -1 -1 -1 -1 -1 -1 -1 -1 -1 -1 -1 -1 -1 -1 -1 -1 -1 -1 -1 -1 -1 -1 -1 -1 -1 
2 2 2 2 2 2 2 2 2 2 2 2 2 2 2 2 2 2 2 2 2 2 2 2 2 2 2 2 2 2 2 2 2 2 2 2 2 2 2 2 2 2 2 2 2 2 2 2 2 2 2 2 2 2 2 2 2 2 2 2 2 2 2 2 2 2 2 2 2 2 2 2 2 2 2 2 2 2 2 2 2 2 2 2 2 2 2 2 2 2 2 2 2 2 2 2 2 2 2 2 2 2 2 2 2 2 2 2 2 2 2 2 2 2 2 2 2 2 2 2 2 2 2 2 2 2 2 2 2 2 2 2 2 2 2 2 2 2 2 2 2 2 2 2 2 2 2 2 2 2 2 2 2 2 2 2 2 2 2 2 
0 4 4 4 4 4 4 4 4 4 4 0 4 4 4 4 4 4 4 4 0 4 4 4 4 4 0 4 4 4 4 4 0 4 4 4 4 4 4 4 4 4 4 4 4 4 4 4 4 4 4 4 4 4 4 4 4 4 4 0 4 4 4 4 4 4 4 4 4 4 4 4 4 4 0 4 4 4 4 4 0 4 4 4 4 4 0 4 4 4 4 4 0 4 4 4 4 4 4 4 4 4 4 4 4 4 4 4 4 4 4 4 4 4 4 4 4 4 4 4 4 4 4 4 4 0 4 4 4 4 4 0 4 4 4 4 4 0 4 4 4 4 4 0 4 4 4 4 4 0 4 4 4 4 4 0 4 4 0 0 
3 -1 -1 -1 -1 -1 -1 -1 -1 -1 -1 6 -1 -1 -1 -1 -1 -1 -1 -1 6 -1 -1 -1 -1 -1 6 -1 -1 -1 -1 -1 6 -1 -1 -1 -1 -1 -1 -1 -1 -1 -1 -1 -1 -1 -1 -1 -1 -1 -1 -1 -1 -1 -1 -1 -1 -1 -1 6 -1 -1 -1 -1 -1 -1 -1 -1 -1 -1 -1 -1 -1 -1 6 -1 -1 -1 -1 -1 6 -1 -1 -1 -1 -1 6 -1 -1 -1 -1 -1 6 -1 -1 -1 -1 -1 -1 -1 -1 -1 -1 -1 -1 -1 -1 -1 -1 -1 -1 -1 -1 -1 -1 -1 -1 -1 -1 -1 -1 -1 -1 -1 -1 6 -1 -1 -1 -1 -1 6 -1 -1 -1 -1 -1 6 -1 -1 -1 -1 -1 6 -1 -1 -1 -1 -1 6 -1 -1 -1 -1 -1 6 -1 -1 1 0 
3 -1 -1 -1 -1 -1 -1 -1 -1 -1 -1 6 -1 -1 -1 -1 -1 -1 -1 -1 6 -1 -1 -1 -1 -1 6 -1 -1 -1 -1 -1 6 -1 -1 -1 -1 -1 -1 -1 -1 -1 -1 -1 -1 -1 -1 -1 -1 -1 -1 -1 -1 -1 -1 -1 -1 -1 -1 6 -1 -1 -1 -1 -1 -1 -1 -1 -1 -1 -1 -1 -1 -1 6 -1 -1 -1 -1 -1 6 -1 -1 -1 -1 -1 6 -1 -1 -1 -1 -1 6 -1 -1 -1 -1 -1 -1 -1 -1 -1 -1 -1 -1 -1 -1 -1 -1 -1 -1 -1 -1 -1 -1 -1 -1 -1 -1 -1 -1 -1 -1 -1 -1 6 -1 -1 -1 -1 -1 6 -1 -1 -1 -1 -1 6 -1 -1 -1 -1 -1 6 -1 -1 -1 -1 -1 6 -1 -1 -1 -1 -1 6 -1 -1 1 0 
3 -1 -1 -1 -1 -1 -1 -1 -1 -1 -1 6 -1 -1 5 8 8 12 -1 -1 6 -1 -1 11 -1 -1 6 -1 -1 11 -1 -1 6 -1 -1 5 8 8 8 8 8 8 8 8 8 8 8 8 8 8 8 8 8 8 8 8 12 -1 -1 6 -1 -1 14 8 8 2 8 8 8 8 8 7 -1 -1 6 -1 -1 11 -1 -1 13 -1 -1 11 -1 -1 6 -1 -1 11 -1 -1 1 8 8 8 8 8 8 8 8 8 8 8 8 8 8 8 8 8 8 8 8 8 8 8 8 8 8 8 8 8 12 -1 -1 6 -1 -1 11 -1 -1 6 -1 -1 11 -1 -1 10 8 8 7 -1 -1 6 -1 -1 11 -1 -1 6 -1 -1 11 -1 -1 6 -1 -1 1 0 
0 2 2 2 2 2 2 2 7 -1 -1 1 12 -1 6 -1 -1 -1 -1 -1 1 12 -1 6 -1 -1 6 -1 14 3 -1 14 3 -1 14 3 -1 -1 -1 -1 -1 -1 -1 -1 -1 -1 -1 -1 -1 -1 -1 -1 -1 -1 -1 -1 -1 -1 -1 6 -1 -1 -1 -1 -1 6 -1 -1 -1 -1 -1 1 12 -1 6 -1 -1 6 -1 -1 -1 -1 -1 1 12 -1 6 -1 14 0 12 -1 6 -1 -1 -1 -1 -1 -1 -1 -1 -1 -1 -1 -1 -1 -1 -1 -1 -1 -1 -1 -1 -1 -1 -1 -1 -1 -1 -1 -1 -1 -1 -1 -1 6 -1 14 0 12 -1 6 -1 14 3 -1 -1 -1 -1 -1 6 -1 -1 6 -1 14 0 12 -1 6 -1 -1 6 -1 -1 6 -1 -1 1 0 
4 4 4 4 4 4 4 0 3 -1 -1 6 -1 -1 6 -1 -1 -1 -1 -1 6 -1 -1 6 -1 14 3 -1 -1 6 -1 -1 6 -1 -1 6 -1 -1 -1 -1 -1 -1 -1 -1 -1 -1 -1 -1 -1 -1 -1 -1 -1 -1 -1 -1 -1 -1 5 0 7 -1 -1 -1 -1 6 -1 -1 -1 -1 -1 6 -1 -1 1 12 -1 6 -1 -1 -1 -1 5 3 -1 -1 6 -1 -1 6 -1 -1 6 -1 -1 -1 -1 -1 -1 -1 -1 -1 -1 -1 -1 -1 -1 -1 -1 -1 -1 -1 -1 -1 -1 -1 -1 -1 -1 -1 -1 -1 -1 -1 5 3 -1 -1 6 -1 -1 6 -1 -1 6 -1 -1 -1 -1 -1 6 -1 -1 6 -1 -1 6 -1 -1 6 -1 -1 6 -1 -1 6 -1 -1 1 0 
-1 -1 -1 -1 -1 -1 -1 1 3 -1 -1 6 -1 14 3 -1 -1 11 -1 -1 6 -1 14 3 -1 -1 1 12 -1 1 12 -1 1 12 -1 6 -1 -1 14 8 8 8 8 8 2 8 8 8 8 8 8 8 8 8 8 8 8 8 4 4 4 8 12 -1 -1 6 -1 -1 11 -1 -1 6 -1 14 9 -1 -1 6 -1 -1 14 8 4 3 -1 14 0 12 -1 6 -1 14 9 -1 -1 5 8 8 8 8 8 8 8 8 8 8 8 8 8 8 7 -1 -1 14 8 8 8 8 8 8 8 8 8 8 4 4 12 -1 6 -1 14 0 12 -1 6 -1 -1 11 -1 -1 6 -1 -1 10 12 -1 6 -1 14 3 -1 -1 6 -1 -1 13 -1 -1 1 0 
-1 -1 -1 -1 -1 -1 -1 1 3 -1 -1 6 -1 -1 1 12 -1 6 -1 -1 6 -1 -1 1 12 -1 6 -1 -1 6 -1 -1 6 -1 -1 6 -1 -1 -1 -1 -1 -1 -1 -1 6 -1 -1 -1 -1 -1 -1 -1 -1 -1 -1 -1 -1 -1 -1 -1 -1 -1 -1 -1 -1 6 -1 -1 6 -1 -1 6 -1 -1 -1 -1 14 0 12 -1 -1 -1 -1 6 -1 -1 6 -1 -1 6 -1 -1 -1 -1 -1 6 -1 -1 -1 -1 -1 -1 -1 -1 -1 -1 -1 -1 -1 -1 6 -1 -1 -1 -1 -1 -1 -1 -1 -1 -1 -1 -1 -1 -1 -1 -1 -1 6 -1 -1 6 -1 -1 6 -1 -1 1 12 -1 6 -1 -1 -1 -1 -1 6 -1 -1 6 -1 -1 6 -1 -1 -1 -1 -1 1 0 
-1 -1 -1 -1 -1 -1 -1 1 3 -1 -1 1 12 -1 6 -1 -1 6 -1 14 0 12 -1 6 -1 -1 6 -1 5 0 12 -1 6 -1 14 0 7 -1 -1 -1 -1 -1 -1 -1 6 -1 -1 -1 -1 -1 -1 -1 -1 -1 -1 -1 -1 -1 -1 -1 -1 -1 -1 -1 5 3 -1 14 3 -1 14 0 7 -1 -1 -1 -1 6 -1 -1 -1 -1 -1 1 12 -1 6 -1 14 0 7 -1 -1 -1 5 3 -1 -1 -1 -1 -1 -1 -1 -1 -1 -1 -1 -1 -1 -1 1 7 -1 -1 -1 -1 -1 -1 -1 -1 -1 -1 -1 -1 -1 -1 -1 5 0 12 -1 6 -1 14 3 -1 14 3 -1 -1 6 -1 -1 -1 -1 5 0 12 -1 6 -1 -1 6 -1 -1 -1 -1 -1 1 0 
-1 -1 -1 -1 -1 -1 -1 1 3 -1 -1 6 -1 -1 6 -1 14 3 -1 -1 6 -1 -1 6 -1 14 4 8 4 3 -1 -1 6 -1 -1 1 4 8 8 8 8 12 -1 -1 6 -1 -1 14 8 8 8 8 8 8 8 8 8 8 8 8 8 8 8 8 4 3 -1 -1 6 -1 -1 10 4 8 7 -1 -1 6 -1 -1 14 8 8 3 -1 -1 6 -1 -1 1 4 8 2 8 4 9 -1 -1 14 8 8 8 8 8 8 8 8 8 8 8 4 4 8 8 8 8 8 8 8 8 8 8 8 8 8 8 8 4 3 -1 -1 6 -1 -1 6 -1 -1 6 -1 14 3 -1 -1 5 8 4 3 -1 -1 6 -1 -1 6 -1 -1 5 8 8 0 0 
-1 -1 -1 -1 -1 -1 -1 1 3 -1 -1 6 -1 14 3 -1 -1 1 12 -1 6 -1 14 3 -1 -1 -1 -1 -1 1 12 -1 1 12 -1 6 -1 -1 -1 -1 -1 -1 -1 -1 6 -1 -1 -1 -1 -1 -1 -1 -1 -1 -1 -1 -1 -1 -1 -1 -1 -1 -1 -1 -1 1 12 -1 1 12 -1 -1 -1 -1 6 -1 14 3 -1 -1 -1 -1 -1 1 12 -1 6 -1 14 3 -1 -1 6 -1 -1 -1 -1 -1 -1 -1 -1 -1 -1 -1 -1 -1 -1 -1 -1 -1 -1 -1 -1 -1 -1 -1 -1 -1 -1 -1 -1 -1 -1 -1 -1 -1 -1 -1 6 -1 14 0 12 -1 1 12 -1 6 -1 -1 6 -1 -1 6 -1 -1 6 -1 14 3 -1 -1 6 -1 -1 6 -1 -1 1 0 
-1 -1 -1 -1 -1 -1 -1 1 3 -1 -1 6 -1 -1 6 -1 14 3 -1 -1 6 -1 -1 1 7 -1 -1 -1 -1 6 -1 -1 6 -1 -1 6 -1 -1 -1 -1 -1 -1 -1 5 0 7 -1 -1 -1 -1 -1 -1 -1 -1 -1 -1 -1 -1 -1 -1 -1 -1 -1 -1 -1 6 -1 -1 6 -1 -1 -1 -1 -1 6 -1 -1 1 7 -1 -1 -1 -1 6 -1 -1 6 -1 -1 6 -1 -1 6 -1 -1 -1 -1 -1 -1 -1 -1 -1 -1 -1 -1 -1 -1 -1 -1 -1 -1 -1 -1 -1 -1 -1 -1 -1 -1 -1 -1 -1 -1 -1 -1 -1 -1 -1 6 -1 -1 6 -1 -1 6 -1 -1 1 12 -1 6 -1 14 3 -1 -1 6 -1 -1 6 -1 -1 6 -1 -1 6 -1 -1 1 0 
-1 -1 -1 -1 -1 -1 -1 1 3 -1 -1 10 12 -1 6 -1 -1 6 -1 14 4 12 -1 1 4 8 7 -1 -1 1 12 -1 6 -1 14 4 8 8 8 8 8 8 8 4 4 4 8 8 8 8 8 8 8 8 8 8 8 8 8 8 8 8 8 8 8 4 12 -1 6 -1 -1 5 8 8 4 12 -1 1 4 8 7 -1 -1 1 12 -1 6 -1 14 3 -1 -1 6 -1 -1 5 8 8 8 8 8 2 8 8 8 8 8 8 8 8 8 8 8 8 8 8 8 8 8 8 8 8 8 8 8 7 -1 -1 6 -1 14 4 12 -1 6 -1 14 3 -1 -1 6 -1 -1 6 -1 -1 10 12 -1 6 -1 -1 6 -1 -1 6 -1 -1 1 0 
-1 -1 -1 -1 -1 -1 -1 1 3 -1 -1 -1 -1 -1 6 -1 14 3 -1 -1 -1 -1 -1 6 -1 -1 6 -1 -1 6 -1 -1 6 -1 -1 -1 -1 -1 -1 -1 -1 -1 -1 -1 -1 -1 -1 -1 -1 -1 -1 -1 -1 -1 -1 -1 -1 -1 -1 -1 -1 -1 -1 -1 -1 -1 -1 -1 1 12 -1 6 -1 -1 -1 -1 -1 6 -1 -1 6 -1 -1 6 -1 -1 6 -1 -1 6 -1 -1 1 12 -1 6 -1 -1 -1 -1 -1 6 -1 -1 -1 -1 -1 -1 -1 -1 -1 -1 -1 -1 -1 -1 -1 -1 -1 -1 -1 -1 -1 -1 -1 1 12 -1 6 -1 -1 -1 -1 -1 6 -1 -1 1 12 -1 1 12 -1 6 -1 -1 -1 -1 -1 6 -1 -1 6 -1 -1 6 -1 -1 1 0 
-1 -1 -1 -1 -1 -1 -1 1 3 -1 -1 -1 -1 14 3 -1 -1 1 7 -1 -1 -1 5 3 -1 -1 6 -1 14 0 12 -1 1 7 -1 -1 -1 -1 -1 -1 -1 -1 -1 -1 -1 -1 -1 -1 -1 -1 -1 -1 -1 -1 -1 -1 -1 -1 -1 -1 -1 -1 -1 -1 -1 -1 -1 14 3 -1 -1 6 -1 -1 -1 -1 5 3 -1 -1 6 -1 14 0 12 -1 6 -1 14 3 -1 -1 6 -1 -1 6 -1 -1 -1 -1 -1 6 -1 -1 -1 -1 -1 -1 -1 -1 -1 -1 -1 -1 -1 -1 -1 -1 -1 -1 -1 -1 -1 -1 -1 6 -1 -1 1 7 -1 -1 -1 5 0 12 -1 6 -1 -1 6 -1 -1 6 -1 -1 -1 -1 5 3 -1 -1 6 -1 -1 6 -1 -1 1 0 
-1 -1 -1 -1 -1 -1 -1 1 0 8 8 7 -1 -1 6 -1 14 0 4 8 8 8 4 3 -1 -1 6 -1 -1 6 -1 -1 1 4 8 8 8 8 8 8 8 8 8 8 2 8 8 8 8 8 8 8 8 8 8 8 8 8 8 8 8 8 12 -1 -1 11 -1 -1 6 -1 14 3 -1 -1 5 8 4 9 -1 -1 6 -1 -1 6 -1 -1 6 -1 -1 6 -1 -1 1 12 -1 6 -1 -1 14 8 8 9 -1 -1 5 8 8 8 8 8 2 8 8 8 8 8 8 8 8 8 8 8 12 -1 -1 6 -1 14 4 4 8 2 8 4 9 -1 -1 1 12 -1 6 -1 14 0 8 8 8 8 4 3 -1 -1 6 -1 -1 6 -1 -1 1 0 
-1 -1 -1 -1 -1 -1 -1 1 3 -1 -1 1 12 -1 6 -1 -1 6 -1 -1 -1 -1 -1 6 -1 -1 6 -1 14 0 12 -1 6 -1 -1 -1 -1 -1 -1 -1 -1 -1 -1 -1 6 -1 -1 -1 -1 -1 -1 -1 -1 -1 -1 -1 -1 -1 -1 -1 -1 -1 -1 -1 -1 1 12 -1 6 -1 -1 6 -1 14 3 -1 -1 -1 -1 -1 1 12 -1 1 12 -1 6 -1 14 3 -1 -1 6 -1 -1 6 -1 -1 -1 -1 -1 -1 -1 -1 6 -1 -1 -1 -1 -1 6 -1 -1 -1 -1 -1 -1 -1 -1 -1 -1 -1 -1 -1 -1 6 -1 -1 -1 -1 -1 6 -1 -1 -1 -1 14 3 -1 -1 6 -1 -1 6 -1 -1 -1 -1 -1 6 -1 -1 6 -1 -1 6 -1 -1 1 0 
-1 -1 -1 -1 -1 -1 -1 1 3 -1 -1 6 -1 -1 6 -1 14 3 -1 -1 -1 -1 -1 6 -1 -1 6 -1 -1 6 -1 -1 6 -1 -1 -1 -1 -1 -1 -1 -1 -1 -1 -1 6 -1 -1 -1 -1 -1 -1 -1 -1 -1 -1 -1 -1 -1 -1 -1 -1 -1 -1 -1 5 3 -1 -1 6 -1 14 3 -1 -1 6 -1 -1 -1 -1 -1 6 -1 -1 6 -1 -1 6 -1 -1 6 -1 -1 1 12 -1 1 7 -1 -1 -1 -1 -1 -1 5 3 -1 -1 -1 -1 -1 6 -1 -1 -1 -1 -1 -1 -1 -1 -1 -1 -1 -1 -1 5 0 7 -1 -1 -1 -1 6 -1 -1 -1 -1 -1 6 -1 14 0 12 -1 6 -1 -1 -1 -1 -1 6 -1 -1 6 -1 -1 6 -1 -1 1 0 
-1 -1 -1 -1 -1 -1 -1 1 3 -1 -1 6 -1 14 3 -1 -1 13 -1 -1 11 -1 -1 6 -1 -1 6 -1 14 4 12 -1 6 -1 -1 5 8 8 8 8 8 12 -1 -1 10 8 8 8 8 8 8 8 8 2 8 8 8 8 8 8 8 8 8 8 4 3 -1 14 3 -1 -1 1 12 -1 6 -1 -1 5 8 8 3 -1 14 0 12 -1 6 -1 14 3 -1 -1 6 -1 -1 1 4 8 8 8 8 2 8 4 9 -1 -1 14 8 8 9 -1 -1 14 8 8 8 8 8 8 8 8 8 8 4 4 4 8 7 -1 -1 6 -1 -1 11 -1 -1 6 -1 -1 6 -1 -1 6 -1 -1 11 -1 -1 6 -1 -1 6 -1 -1 6 -1 -1 1 0 
-1 -1 -1 -1 -1 -1 -1 1 3 -1 -1 6 -1 -1 1 12 -1 -1 -1 -1 6 -1 -1 6 -1 -1 6 -1 -1 -1 -1 -1 1 12 -1 6 -1 -1 -1 -1 -1 -1 -1 -1 -1 -1 -1 -1 -1 -1 -1 -1 -1 6 -1 -1 -1 -1 -1 -1 -1 -1 -1 -1 -1 6 -1 -1 6 -1 14 3 -1 -1 6 -1 -1 6 -1 -1 6 -1 -1 6 -1 -1 6 -1 -1 6 -1 -1 1 12 -1 6 -1 -1 -1 -1 -1 6 -1 -1 -1 -1 -1 -1 -1 -1 -1 -1 -1 -1 -1 -1 -1 -1 -1 -1 -1 -1 -1 -1 -1 -1 -1 -1 6 -1 -1 6 -1 -1 6 -1 14 0 12 -1 6 -1 14 3 -1 -1 6 -1 -1 6 -1 -1 6 -1 -1 6 -1 -1 1 0 
-1 -1 -1 -1 -1 -1 -1 1 3 -1 -1 6 -1 -1 6 -1 -1 -1 -1 5 0 7 -1 6 -1 -1 1 7 -1 -1 -1 5 3 -1 -1 6 -1 -1 -1 -1 -1 -1 5 7 -1 -1 -1 -1 -1 -1 -1 -1 -1 6 -1 -1 -1 -1 -1 -1 -1 -1 -1 -1 -1 1 12 -1 6 -1 -1 6 -1 14 3 -1 -1 6 -1 -1 1 12 -1 1 12 -1 6 -1 14 3 -1 -1 6 -1 -1 6 -1 -1 -1 -1 -1 6 -1 -1 -1 -1 -1 -1 -1 -1 -1 -1 -1 -1 -1 -1 -1 -1 -1 -1 -1 -1 -1 -1 -1 -1 -1 -1 6 -1 14 3 -1 5 3 -1 -1 6 -1 -1 6 -1 -1 6 -1 -1 6 -1 -1 6 -1 -1 6 -1 -1 6 -1 -1 1 0 
-1 -1 -1 -1 -1 -1 -1 1 3 -1 -1 10 12 -1 6 -1 -1 5 8 4 4 4 8 3 -1 -1 1 4 8 8 8 4 3 -1 14 4 8 8 8 8 8 8 4 4 8 8 8 8 8 8 7 -1 -1 10 8 8 8 8 8 2 8 8 12 -1 -1 6 -1 -1 1 12 -1 6 -1 -1 13 -1 -1 13 -1 -1 6 -1 -1 6 -1 -1 6 -1 -1 6 -1 -1 6 -1 14 9 -1 -1 11 -1 -1 10 8 8 8 8 8 2 8 8 8 8 8 8 8 8 8 8 8 2 8 8 8 8 8 7 -1 -1 6 -1 -1 10 8 4 0 12 -1 6 -1 14 4 12 -1 6 -1 -1 6 -1 -1 6 -1 -1 6 -1 -1 13 -1 -1 1 0 
-1 -1 -1 -1 -1 -1 -1 1 3 -1 -1 -1 -1 -1 6 -1 -1 6 -1 -1 -1 -1 -1 6 -1 -1 6 -1 -1 -1 -1 -1 6 -1 -1 -1 -1 -1 -1 -1 -1 -1 -1 -1 -1 -1 -1 -1 -1 -1 6 -1 -1 -1 -1 -1 -1 -1 -1 6 -1 -1 -1 -1 -1 6 -1 14 3 -1 -1 1 12 -1 -1 -1 -1 -1 -1 -1 6 -1 14 0 12 -1 6 -1 14 0 12 -1 6 -1 -1 -1 -1 -1 6 -1 -1 -1 -1 -1 -1 -1 -1 6 -1 -1 -1 -1 -1 -1 -1 -1 -1 -1 -1 6 -1 -1 -1 -1 -1 6 -1 -1 1 12 -1 -1 -1 -1 6 -1 -1 6 -1 -1 -1 -1 -1 6 -1 -1 6 -1 -1 6 -1 -1 6 -1 -1 -1 -1 -1 1 0 
-1 -1 -1 -1 -1 -1 -1 1 3 -1 -1 -1 -1 5 0 12 -1 6 -1 -1 -1 -1 -1 6 -1 -1 6 -1 -1 -1 -1 -1 1 7 -1 -1 -1 -1 -1 -1 -1 -1 -1 -1 -1 -1 -1 -1 -1 -1 1 7 -1 -1 -1 -1 -1 -1 -1 6 -1 -1 -1 -1 5 3 -1 -1 6 -1 14 3 -1 -1 -1 -1 -1 -1 -1 -1 6 -1 -1 6 -1 -1 6 -1 -1 6 -1 -1 1 7 -1 -1 -1 5 0 7 -1 -1 -1 -1 -1 -1 -1 6 -1 -1 -1 -1 -1 -1 -1 -1 -1 -1 -1 6 -1 -1 -1 -1 -1 6 -1 -1 6 -1 -1 -1 -1 -1 6 -1 14 0 7 -1 -1 -1 5 3 -1 -1 6 -1 -1 6 -1 -1 6 -1 -1 -1 -1 -1 1 0 
-1 -1 -1 -1 -1 -1 -1 1 0 8 8 8 8 4 3 -1 -1 6 -1 -1 11 -1 -1 10 12 -1 6 -1 -1 11 -1 -1 1 4 8 8 8 8 8 8 8 8 8 8 2 8 8 12 -1 -1 1 4 8 8 8 8 7 -1 -1 6 -1 -1 14 8 4 4 12 -1 6 -1 -1 6 -1 -1 5 8 8 8 8 8 4 12 -1 6 -1 14 4 12 -1 6 -1 14 4 4 8 8 8 4 0 4 8 8 8 8 7 -1 -1 10 8 8 8 8 8 8 8 8 7 -1 -1 6 -1 -1 14 8 8 3 -1 -1 6 -1 -1 11 -1 -1 6 -1 -1 1 4 8 8 8 4 3 -1 -1 6 -1 -1 10 8 8 3 -1 -1 11 -1 -1 1 0 
-1 -1 -1 -1 -1 -1 -1 1 3 -1 -1 -1 -1 -1 6 -1 14 0 12 -1 6 -1 -1 -1 -1 -1 1 12 -1 6 -1 -1 6 -1 -1 -1 -1 -1 -1 -1 -1 -1 -1 -1 6 -1 -1 -1 -1 -1 6 -1 -1 -1 -1 -1 1 12 -1 1 12 -1 -1 -1 -1 -1 -1 -1 1 12 -1 6 -1 -1 6 -1 -1 -1 -1 -1 -1 -1 -1 6 -1 -1 -1 -1 -1 6 -1 -1 -1 -1 -1 -1 -1 -1 6 -1 -1 -1 -1 -1 6 -1 -1 -1 -1 -1 -1 -1 -1 -1 -1 -1 6 -1 -1 6 -1 -1 -1 -1 -1 6 -1 -1 6 -1 14 0 12 -1 1 12 -1 6 -1 -1 -1 -1 -1 6 -1 -1 6 -1 -1 -1 -1 -1 6 -1 -1 6 -1 -1 1 0 
-1 -1 -1 -1 -1 -1 -1 1 3 -1 -1 -1 -1 -1 6 -1 -1 6 -1 -1 1 7 -1 -1 -1 5 3 -1 -1 6 -1 5 3 -1 -1 -1 -1 -1 -1 -1 -1 -1 -1 -1 6 -1 -1 -1 -1 5 3 -1 -1 -1 -1 -1 6 -1 -1 6 -1 -1 -1 -1 -1 -1 -1 5 3 -1 -1 6 -1 5 3 -1 -1 -1 -1 -1 -1 -1 5 0 7 -1 -1 -1 5 0 7 -1 -1 -1 -1 -1 -1 -1 6 -1 -1 -1 -1 -1 1 7 -1 -1 -1 -1 -1 -1 -1 -1 -1 -1 6 -1 -1 1 7 -1 -1 -1 -1 6 -1 -1 6 -1 -1 6 -1 -1 6 -1 -1 6 -1 -1 -1 -1 -1 6 -1 -1 1 7 -1 -1 -1 -1 6 -1 -1 6 -1 -1 1 0 
-1 -1 -1 -1 -1 -1 -1 1 3 -1 -1 14 8 8 4 12 -1 6 -1 14 4 4 8 8 8 4 9 -1 14 4 8 4 9 -1 -1 5 8 8 8 8 8 7 -1 -1 6 -1 -1 14 8 4 4 8 8 7 -1 -1 6 -1 14 3 -1 -1 5 8 8 8 8 4 3 -1 14 4 8 4 9 -1 -1 5 8 8 8 8 4 0 4 8 8 8 4 4 4 8 12 -1 -1 11 -1 -1 6 -1 -1 11 -1 -1 1 4 8 8 8 8 7 -1 -1 -1 -1 -1 6 -1 -1 10 4 8 7 -1 -1 13 -1 -1 10 12 -1 6 -1 14 3 -1 14 9 -1 -1 11 -1 -1 10 8 8 4 4 8 12 -1 -1 6 -1 -1 6 -1 -1 1 0 
-1 -1 -1 -1 -1 -1 -1 1 0 12 -1 -1 -1 -1 -1 -1 -1 6 -1 -1 -1 -1 -1 -1 -1 -1 -1 -1 -1 -1 -1 -1 -1 -1 -1 6 -1 -1 -1 -1 -1 6 -1 -1 6 -1 -1 -1 -1 -1 -1 -1 -1 6 -1 -1 6 -1 -1 1 12 -1 6 -1 -1 -1 -1 -1 6 -1 -1 -1 -1 -1 -1 -1 -1 6 -1 -1 -1 -1 -1 6 -1 -1 -1 -1 -1 -1 -1 -1 -1 -1 -1 6 -1 14 3 -1 -1 6 -1 -1 6 -1 -1 -1 -1 -1 6 -1 -1 11 -1 14 3 -1 -1 -1 -1 -1 6 -1 -1 -1 -1 -1 -1 -1 -1 6 -1 -1 6 -1 -1 -1 -1 -1 6 -1 -1 -1 -1 -1 -1 -1 -1 -1 -1 -1 6 -1 -1 6 -1 -1 1 0 
-1 -1 -1 -1 -1 -1 -1 1 3 -1 -1 -1 -1 -1 -1 -1 5 0 7 -1 -1 -1 -1 -1 -1 -1 -1 5 7 -1 -1 -1 -1 -1 5 3 -1 -1 -1 -1 -1 6 -1 14 0 7 -1 -1 -1 -1 -1 -1 -1 6 -1 -1 1 12 -1 6 -1 -1 6 -1 -1 -1 -1 -1 1 7 -1 -1 -1 -1 -1 -1 5 3 -1 -1 -1 -1 -1 6 -1 -1 -1 -1 -1 -1 -1 -1 -1 -1 5 3 -1 -1 6 -1 -1 6 -1 -1 6 -1 -1 -1 -1 -1 1 12 -1 6 -1 -1 6 -1 -1 -1 -1 -1 1 7 -1 -1 -1 -1 -1 -1 5 0 7 -1 1 7 -1 -1 -1 5 0 7 -1 -1 -1 -1 -1 -1 -1 -1 -1 5 3 -1 -1 6 -1 -1 1 0 
-1 -1 -1 -1 -1 -1 -1 1 3 -1 -1 14 8 8 8 8 4 4 4 8 8 8 8 8 8 8 8 4 4 2 8 8 8 8 4 3 -1 -1 11 -1 -1 6 -1 -1 1 4 8 8 8 8 7 -1 -1 6 -1 -1 6 -1 -1 6 -1 14 3 -1 -1 11 -1 -1 10 4 8 8 8 8 2 8 4 4 8 8 7 -1 -1 13 -1 -1 14 8 8 8 8 8 8 8 4 0 12 -1 6 -1 -1 10 8 8 3 -1 -1 11 -1 -1 6 -1 -1 1 12 -1 6 -1 -1 11 -1 -1 10 4 8 8 8 8 8 8 4 4 4 8 4 4 8 8 8 4 4 4 8 8 8 8 12 -1 -1 5 8 4 0 8 8 9 -1 -1 1 0 
-1 -1 -1 -1 -1 -1 -1 1 3 -1 -1 -1 -1 -1 -1 -1 -1 -1 -1 -1 -1 -1 -1 -1 -1 -1 -1 -1 -1 6 -1 -1 -1 -1 -1 6 -1 -1 6 -1 -1 1 12 -1 6 -1 -1 -1 -1 -1 6 -1 14 3 -1 -1 6 -1 14 3 -1 -1 6 -1 -1 6 -1 -1 -1 -1 -1 -1 -1 -1 6 -1 -1 -1 -1 -1 6 -1 -1 -1 -1 -1 -1 -1 -1 -1 -1 -1 -1 -1 -1 6 -1 -1 6 -1 -1 -1 -1 -1 6 -1 -1 6 -1 -1 6 -1 14 3 -1 -1 6 -1 -1 6 -1 -1 -1 -1 -1 -1 -1 -1 -1 -1 -1 -1 -1 -1 -1 -1 -1 -1 -1 -1 -1 -1 -1 -1 -1 -1 -1 -1 -1 6 -1 -1 6 -1 -1 -1 -1 -1 1 0 
-1 -1 -1 -1 -1 -1 -1 1 0 7 -1 -1 -1 -1 -1 -1 -1 -1 -1 -1 -1 -1 -1 -1 -1 -1 -1 -1 -1 6 -1 -1 -1 -1 -1 6 -1 -1 6 -1 -1 6 -1 -1 6 -1 -1 -1 -1 -1 6 -1 -1 6 -1 -1 6 -1 -1 6 -1 14 0 12 -1 1 7 -1 -1 -1 -1 -1 -1 -1 6 -1 -1 -1 -1 -1 1 7 -1 -1 -1 11 -1 -1 -1 -1 -1 -1 -1 -1 -1 6 -1 14 3 -1 -1 -1 -1 -1 6 -1 -1 6 -1 -1 6 -1 -1 6 -1 14 3 -1 5 0 7 -1 -1 -1 -1 -1 -1 -1 -1 -1 -1 -1 -1 -1 -1 -1 -1 -1 -1 -1 -1 -1 -1 -1 -1 -1 -1 -1 5 3 -1 -1 6 -1 -1 -1 -1 -1 1 0 
-1 -1 -1 -1 -1 -1 -1 1 0 4 8 8 8 8 8 8 8 8 8 8 8 8 8 8 8 8 12 -1 -1 13 -1 -1 14 8 8 3 -1 -1 6 -1 -1 6 -1 14 3 -1 -1 11 -1 -1 6 -1 14 3 -1 -1 1 12 -1 6 -1 -1 6 -1 -1 1 4 8 8 8 8 7 -1 -1 10 8 8 7 -1 -1 10 4 8 8 8 4 8 8 8 8 8 8 12 -1 -1 6 -1 -1 10 8 8 7 -1 -1 6 -1 -1 6 -1 -1 6 -1 14 3 -1 -1 10 8 4 4 4 8 7 -1 -1 5 8 8 2 8 8 8 8 8 12 -1 -1 5 8 8 2 8 8 8 8 8 8 8 4 9 -1 -1 13 -1 -1 14 8 8 0 0 
-1 -1 -1 -1 -1 -1 -1 1 3 -1 -1 -1 -1 -1 -1 -1 -1 -1 -1 -1 -1 -1 -1 -1 -1 -1 -1 -1 -1 -1 -1 -1 -1 -1 -1 6 -1 -1 6 -1 -1 6 -1 -1 6 -1 -1 6 -1 -1 6 -1 -1 6 -1 -1 6 -1 -1 6 -1 14 0 12 -1 6 -1 -1 -1 -1 -1 6 -1 -1 -1 -1 -1 6 -1 -1 -1 -1 -1 -1 -1 -1 -1 -1 -1 -1 -1 -1 -1 -1 -1 1 12 -1 -1 -1 -1 6 -1 -1 6 -1 -1 6 -1 -1 6 -1 -1 1 12 -1 -1 -1 -1 -1 -1 -1 6 -1 -1 6 -1 -1 6 -1 -1 -1 -1 -1 -1 -1 -1 6 -1 -1 6 -1 -1 -1 -1 -1 -1 -1 -1 -1 -1 -1 -1 -1 -1 -1 -1 -1 1 0 
-1 -1 -1 -1 -1 -1 -1 1 3 -1 -1 -1 -1 -1 -1 -1 -1 -1 -1 -1 -1 -1 -1 -1 -1 -1 -1 -1 -1 -1 -1 -1 -1 -1 -1 6 -1 -1 6 -1 -1 1 12 -1 6 -1 -1 6 -1 -1 6 -1 14 3 -1 -1 6 -1 14 3 -1 -1 6 -1 -1 6 -1 -1 -1 -1 -1 1 7 -1 -1 -1 -1 1 7 -1 -1 -1 -1 -1 -1 -1 -1 -1 -1 -1 -1 -1 -1 -1 5 3 -1 -1 -1 -1 -1 6 -1 -1 6 -1 -1 6 -1 -1 1 12 -1 6 -1 -1 -1 -1 -1 -1 -1 -1 1 12 -1 6 -1 -1 6 -1 -1 -1 -1 -1 -1 -1 5 3 -1 -1 6 -1 -1 -1 -1 -1 -1 -1 -1 -1 -1 -1 -1 -1 -1 -1 -1 -1 1 0 
-1 -1 -1 -1 -1 -1 -1 1 3 -1 -1 5 8 8 8 8 8 8 8 8 8 8 8 2 8 8 8 8 8 8 8 8 7 -1 -1 10 8 8 3 -1 14 9 -1 -1 6 -1 -1 6 -1 -1 6 -1 -1 6 -1 -1 6 -1 -1 6 -1 14 0 12 -1 6 -1 -1 14 8 8 4 4 8 7 -1 -1 10 4 8 8 8 8 8 8 8 8 8 8 8 8 8 8 8 4 9 -1 -1 11 -1 -1 6 -1 -1 6 -1 -1 6 -1 -1 6 -1 -1 6 -1 -1 11 -1 -1 11 -1 -1 6 -1 -1 6 -1 -1 13 -1 -1 11 -1 -1 14 8 4 9 -1 -1 6 -1 -1 14 8 8 8 8 8 8 8 8 8 8 8 7 -1 -1 1 0 
-1 -1 -1 -1 -1 -1 -1 1 3 -1 -1 6 -1 -1 -1 -1 -1 -1 -1 -1 -1 -1 -1 6 -1 -1 -1 -1 -1 -1 -1 -1 6 -1 -1 -1 -1 -1 6 -1 -1 -1 -1 14 3 -1 -1 6 -1 -1 6 -1 14 3 -1 -1 1 12 -1 6 -1 -1 6 -1 -1 6 -1 -1 -1 -1 -1 -1 -1 -1 6 -1 -1 -1 -1 -1 -1 -1 -1 -1 -1 -1 -1 -1 -1 -1 -1 -1 -1 -1 -1 -1 -1 -1 6 -1 14 3 -1 -1 6 -1 -1 6 -1 -1 6 -1 14 0 12 -1 1 12 -1 6 -1 -1 6 -1 14 3 -1 -1 -1 -1 -1 6 -1 -1 -1 -1 -1 -1 -1 -1 6 -1 -1 -1 -1 -1 -1 -1 -1 -1 -1 -1 -1 -1 -1 6 -1 -1 1 0 
-1 -1 -1 -1 -1 -1 -1 1 3 -1 14 3 -1 -1 -1 -1 -1 -1 -1 -1 -1 -1 -1 6 -1 -1 -1 -1 -1 -1 -1 -1 1 7 -1 -1 -1 -1 1 7 -1 -1 -1 -1 6 -1 -1 6 -1 -1 6 -1 -1 6 -1 -1 6 -1 -1 6 -1 14 0 12 -1 1 12 -1 -1 -1 -1 -1 -1 -1 1 7 -1 -1 -1 -1 -1 -1 -1 -1 -1 -1 -1 -1 -1 -1 -1 -1 -1 -1 -1 -1 -1 5 3 -1 -1 6 -1 -1 6 -1 -1 6 -1 -1 6 -1 -1 6 -1 -1 6 -1 -1 1 7 -1 6 -1 -1 6 -1 -1 -1 -1 5 0 7 -1 -1 -1 -1 -1 -1 -1 1 7 -1 -1 -1 -1 -1 -1 -1 -1 -1 -1 -1 -1 -1 6 -1 14 0 0 
-1 -1 -1 -1 -1 -1 -1 1 3 -1 -1 10 8 8 8 8 8 8 8 8 12 -1 -1 10 8 8 8 8 8 12 -1 -1 10 4 8 7 -1 -1 1 4 8 12 -1 -1 6 -1 -1 6 -1 14 3 -1 14 3 -1 -1 6 -1 14 9 -1 -1 6 -1 -1 6 -1 -1 14 8 8 8 8 8 4 4 8 8 8 8 8 8 8 8 8 8 8 8 8 8 8 8 8 8 8 8 8 4 3 -1 14 3 -1 -1 6 -1 -1 6 -1 -1 6 -1 14 3 -1 14 3 -1 14 0 4 8 4 12 -1 1 8 8 8 8 4 4 4 8 8 8 8 8 8 8 4 4 8 8 8 8 8 8 8 8 8 8 12 -1 -1 6 -1 -1 1 0 
-1 -1 -1 -1 -1 -1 -1 1 0 12 -1 -1 -1 -1 -1 -1 -1 -1 -1 -1 -1 -1 -1 -1 -1 -1 -1 -1 -1 -1 -1 -1 -1 -1 -1 1 12 -1 6 -1 -1 -1 -1 14 3 -1 -1 6 -1 -1 6 -1 -1 6 -1 -1 6 -1 -1 -1 -1 14 0 12 -1 6 -1 -1 -1 -1 -1 -1 -1 -1 -1 -1 -1 -1 -1 -1 -1 -1 -1 -1 -1 -1 -1 -1 -1 -1 -1 -1 -1 -1 -1 -1 -1 -1 6 -1 -1 6 -1 -1 6 -1 -1 6 -1 -1 6 -1 -1 6 -1 -1 6 -1 -1 6 -1 -1 -1 -1 -1 6 -1 -1 -1 -1 -1 -1 -1 -1 -1 -1 -1 -1 -1 -1 -1 -1 -1 -1 -1 -1 -1 -1 -1 -1 -1 -1 -1 -1 -1 1 12 -1 1 0 
-1 -1 -1 -1 -1 -1 -1 1 3 -1 -1 -1 -1 -1 -1 -1 -1 -1 -1 -1 -1 -1 -1 -1 -1 -1 -1 -1 -1 -1 -1 -1 -1 -1 -1 6 -1 -1 6 -1 -1 -1 -1 -1 6 -1 -1 1 12 -1 6 -1 14 3 -1 -1 1 7 -1 -1 -1 -1 6 -1 -1 1 7 -1 -1 -1 -1 -1 -1 -1 -1 -1 -1 -1 -1 -1 -1 -1 -1 -1 -1 -1 -1 -1 -1 -1 -1 -1 -1 -1 -1 -1 -1 -1 6 -1 14 3 -1 -1 6 -1 -1 6 -1 -1 6 -1 14 0 12 -1 1 12 -1 6 -1 -1 -1 -1 5 3 -1 -1 -1 -1 -1 -1 -1 -1 -1 -1 -1 -1 -1 -1 -1 -1 -1 -1 -1 -1 -1 -1 -1 -1 -1 -1 -1 -1 5 3 -1 -1 1 0 
-1 -1 -1 -1 -1 -1 -1 1 0 8 8 8 8 8 12 -1 -1 5 8 8 8 8 8 2 8 8 8 8 8 2 8 8 12 -1 -1 6 -1 14 3 -1 -1 11 -1 -1 1 8 8 9 -1 -1 6 -1 -1 6 -1 -1 1 4 8 12 -1 -1 6 -1 14 0 4 8 8 8 8 8 8 8 8 8 8 8 8 8 8 8 8 8 8 8 8 8 8 8 8 8 8 8 8 12 -1 -1 6 -1 -1 6 -1 -1 6 -1 -1 6 -1 -1 6 -1 -1 6 -1 -1 6 -1 -1 6 -1 -1 5 8 4 9 -1 -1 5 8 8 8 8 8 8 8 8 8 8 8 8 8 8 2 8 8 8 8 8 12 -1 -1 14 8 4 0 12 -1 1 0 
-1 -1 -1 -1 -1 -1 -1 1 3 -1 -1 -1 -1 -1 -1 -1 -1 6 -1 -1 -1 -1 -1 6 -1 -1 -1 -1 -1 6 -1 -1 -1 -1 -1 6 -1 -1 6 -1 14 3 -1 -1 6 -1 -1 -1 -1 14 3 -1 14 3 -1 -1 6 -1 -1 -1 -1 14 3 -1 -1 6 -1 -1 -1 -1 -1 -1 -1 -1 -1 -1 -1 -1 -1 -1 -1 -1 -1 -1 -1 -1 -1 -1 -1 -1 -1 -1 -1 -1 -1 -1 -1 -1 6 -1 14 3 -1 -1 6 -1 -1 6 -1 -1 6 -1 14 3 -1 14 3 -1 14 0 12 -1 6 -1 -1 -1 -1 -1 6 -1 -1 -1 -1 -1 -1 -1 -1 -1 -1 -1 -1 -1 -1 6 -1 -1 -1 -1 -1 -1 -1 -1 -1 -1 -1 6 -1 -1 1 0 
-1 -1 -1 -1 -1 -1 -1 1 3 -1 -1 -1 -1 -1 -1 -1 5 3 -1 -1 -1 -1 -1 6 -1 -1 -1 -1 -1 6 -1 -1 -1 -1 5 0 12 -1 6 -1 -1 6 -1 14 3 -1 -1 -1 -1 -1 6 -1 -1 6 -1 -1 6 -1 -1 -1 -1 -1 1 12 -1 6 -1 -1 -1 -1 -1 -1 -1 -1 -1 -1 -1 -1 -1 -1 -1 -1 -1 -1 -1 -1 -1 -1 -1 -1 -1 -1 -1 -1 -1 -1 -1 5 3 -1 -1 6 -1 -1 6 -1 -1 6 -1 -1 6 -1 -1 6 -1 -1 6 -1 -1 6 -1 -1 6 -1 -1 -1 -1 5 3 -1 -1 -1 -1 -1 -1 -1 -1 -1 -1 -1 -1 -1 -1 6 -1 -1 -1 -1 -1 -1 5 7 -1 -1 -1 1 12 -1 1 0 
-1 -1 -1 -1 -1 -1 -1 1 3 -1 -1 14 8 8 8 8 4 4 8 8 7 -1 -1 10 8 8 12 -1 -1 13 -1 -1 5 8 4 9 -1 -1 6 -1 14 3 -1 -1 6 -1 -1 11 -1 -1 6 -1 14 9 -1 -1 6 -1 -1 11 -1 -1 6 -1 -1 6 -1 -1 14 8 8 8 8 8 8 8 8 8 8 8 2 8 8 8 8 8 8 8 8 8 8 8 8 8 8 8 8 4 3 -1 14 3 -1 -1 6 -1 -1 6 -1 -1 6 -1 14 0 12 -1 1 12 -1 1 12 -1 6 -1 -1 5 8 4 9 -1 -1 5 8 8 8 8 8 8 8 8 7 -1 -1 10 8 8 8 8 8 2 4 4 12 -1 -1 6 -1 -1 1 0 
-1 -1 -1 -1 -1 -1 -1 1 3 -1 -1 -1 -1 -1 -1 -1 -1 -1 -1 -1 6 -1 -1 -1 -1 -1 -1 -1 -1 -1 -1 -1 6 -1 -1 -1 -1 14 3 -1 -1 1 12 -1 6 -1 14 3 -1 14 3 -1 -1 -1 -1 -1 6 -1 14 3 -1 -1 1 12 -1 6 -1 -1 -1 -1 -1 -1 -1 -1 -1 -1 -1 -1 -1 -1 6 -1 -1 -1 -1 -1 -1 -1 -1 -1 -1 -1 -1 -1 -1 -1 -1 -1 6 -1 -1 6 -1 -1 6 -1 -1 6 -1 -1 6 -1 -1 6 -1 -1 6 -1 -1 6 -1 -1 6 -1 -1 6 -1 -1 -1 -1 -1 6 -1 -1 -1 -1 -1 -1 -1 -1 6 -1 -1 -1 -1 -1 -1 -1 -1 6 -1 -1 -1 -1 -1 1 12 -1 1 0 
-1 -1 -1 -1 -1 -1 -1 1 0 7 -1 -1 -1 -1 -1 -1 -1 -1 -1 -1 1 7 -1 -1 -1 -1 -1 -1 -1 -1 -1 5 3 -1 -1 -1 -1 -1 6 -1 5 3 -1 -1 6 -1 -1 6 -1 -1 1 7 -1 -1 -1 5 3 -1 -1 1 12 -1 6 -1 -1 1 12 -1 -1 -1 -1 -1 -1 -1 -1 -1 -1 -1 -1 -1 6 -1 -1 -1 -1 -1 -1 -1 -1 -1 -1 -1 -1 -1 -1 -1 -1 -1 6 -1 14 3 -1 -1 6 -1 -1 6 -1 -1 1 12 -1 6 -1 14 3 -1 14 0 12 -1 1 12 -1 6 -1 -1 -1 -1 5 3 -1 -1 -1 -1 -1 -1 -1 -1 1 12 -1 -1 -1 -1 -1 -1 -1 6 -1 -1 -1 -1 5 3 -1 -1 1 0 
-1 -1 -1 -1 -1 -1 -1 1 0 4 8 2 8 8 8 8 8 7 -1 -1 10 4 8 8 8 8 8 8 8 8 8 4 4 8 8 7 -1 14 4 8 4 3 -1 14 4 12 -1 6 -1 14 0 4 8 8 8 4 0 12 -1 6 -1 -1 6 -1 14 3 -1 -1 14 8 8 2 8 8 12 -1 -1 11 -1 -1 13 -1 -1 14 8 8 8 8 8 8 8 8 8 8 8 7 -1 -1 6 -1 -1 6 -1 -1 6 -1 -1 6 -1 -1 6 -1 -1 6 -1 -1 6 -1 -1 6 -1 -1 6 -1 -1 6 -1 -1 14 8 4 9 -1 -1 5 8 8 12 -1 -1 6 -1 -1 14 8 8 7 -1 -1 10 8 8 8 8 4 0 12 -1 1 0 
-1 -1 -1 -1 -1 -1 -1 1 3 -1 -1 6 -1 -1 -1 -1 -1 6 -1 -1 -1 -1 -1 -1 -1 -1 -1 -1 -1 -1 -1 -1 -1 -1 -1 6 -1 -1 -1 -1 -1 6 -1 -1 -1 -1 -1 6 -1 -1 6 -1 -1 -1 -1 -1 6 -1 -1 6 -1 14 3 -1 -1 6 -1 -1 -1 -1 -1 6 -1 -1 -1 -1 -1 6 -1 -1 -1 -1 -1 -1 -1 -1 -1 -1 -1 -1 -1 -1 -1 -1 -1 1 12 -1 6 -1 14 3 -1 -1 6 -1 -1 6 -1 -1 6 -1 14 0 12 -1 1 12 -1 1 12 -1 6 -1 14 3 -1 -1 -1 -1 -1 -1 -1 -1 6 -1 -1 -1 -1 -1 6 -1 -1 -1 -1 -1 6 -1 -1 -1 -1 -1 -1 -1 -1 6 -1 -1 1 0 
-1 -1 -1 -1 -1 -1 -1 1 3 -1 -1 6 -1 -1 -1 -1 -1 1 7 -1 -1 -1 -1 -1 -1 -1 -1 -1 -1 -1 -1 -1 -1 -1 -1 1 7 -1 -1 -1 -1 1 12 -1 -1 -1 5 3 -1 14 3 -1 -1 -1 -1 -1 6 -1 5 3 -1 -1 1 12 -1 1 7 -1 -1 -1 -1 6 -1 -1 -1 -1 5 0 7 -1 -1 5 7 -1 -1 -1 -1 -1 -1 -1 -1 -1 -1 -1 -1 6 -1 -1 6 -1 -1 6 -1 -1 6 -1 -1 6 -1 -1 6 -1 -1 6 -1 -1 6 -1 -1 6 -1 -1 6 -1 -1 1 7 -1 -1 -1 -1 -1 -1 5 3 -1 -1 -1 -1 5 0 7 -1 -1 -1 -1 1 7 -1 -1 -1 -1 -1 -1 -1 1 12 -1 1 0 
-1 -1 -1 -1 -1 -1 -1 1 3 -1 -1 6 -1 -1 14 8 8 4 4 8 8 8 8 8 8 8 8 8 8 8 8 8 7 -1 -1 10 4 8 7 -1 -1 6 -1 -1 5 8 4 3 -1 -1 6 -1 -1 11 -1 -1 1 8 4 4 12 -1 6 -1 -1 1 4 8 12 -1 -1 6 -1 -1 14 8 4 4 4 8 8 4 4 2 8 8 8 8 8 12 -1 -1 11 -1 -1 6 -1 14 0 12 -1 6 -1 -1 6 -1 -1 6 -1 -1 6 -1 14 3 -1 14 4 8 8 3 -1 14 0 12 -1 1 4 8 8 8 8 8 8 4 4 8 8 8 8 4 4 4 8 8 8 8 4 4 8 8 8 8 12 -1 -1 6 -1 -1 1 0 
-1 -1 -1 -1 -1 -1 -1 1 3 -1 -1 1 12 -1 -1 -1 -1 -1 -1 -1 -1 -1 -1 -1 -1 -1 -1 -1 -1 -1 -1 -1 6 -1 -1 -1 -1 -1 1 12 -1 6 -1 14 3 -1 -1 6 -1 14 0 12 -1 6 -1 14 3 -1 -1 -1 -1 -1 6 -1 14 3 -1 -1 -1 -1 -1 6 -1 -1 -1 -1 -1 -1 -1 -1 -1 -1 -1 6 -1 -1 -1 -1 -1 -1 -1 -1 6 -1 -1 6 -1 -1 6 -1 -1 6 -1 -1 6 -1 -1 6 -1 -1 6 -1 -1 6 -1 -1 -1 -1 -1 6 -1 -1 6 -1 -1 6 -1 -1 -1 -1 -1 -1 -1 -1 -1 -1 -1 -1 -1 -1 -1 -1 -1 -1 -1 -1 -1 -1 -1 -1 -1 -1 -1 -1 -1 6 -1 14 0 0 
-1 -1 -1 -1 -1 -1 -1 1 3 -1 -1 6 -1 -1 -1 -1 -1 -1 -1 -1 -1 -1 -1 -1 -1 -1 -1 -1 -1 -1 -1 -1 1 7 -1 -1 -1 -1 6 -1 -1 6 -1 -1 6 -1 -1 6 -1 -1 6 -1 -1 6 -1 -1 6 -1 -1 -1 -1 5 3 -1 -1 6 -1 -1 -1 -1 5 0 7 -1 -1 -1 -1 -1 -1 -1 -1 -1 -1 6 -1 -1 -1 -1 -1 -1 -1 5 0 7 -1 1 12 -1 6 -1 14 3 -1 -1 6 -1 -1 6 -1 -1 6 -1 14 0 7 -1 -1 -1 -1 1 12 -1 6 -1 14 3 -1 -1 -1 -1 -1 -1 -1 -1 -1 -1 -1 -1 -1 -1 -1 -1 -1 -1 -1 -1 -1 -1 -1 -1 -1 -1 -1 -1 5 3 -1 -1 1 0 
-1 -1 -1 -1 -1 -1 -1 1 3 -1 -1 6 -1 -1 5 8 8 8 8 8 8 8 8 8 8 8 8 8 8 2 8 8 4 4 8 7 -1 -1 6 -1 14 4 12 -1 6 -1 -1 6 -1 14 4 12 -1 1 12 -1 13 -1 -1 14 8 4 4 12 -1 6 -1 -1 14 8 4 4 4 8 8 8 8 7 -1 -1 5 8 8 9 -1 -1 5 8 8 8 8 4 4 4 8 3 -1 -1 6 -1 -1 6 -1 -1 13 -1 -1 6 -1 -1 6 -1 -1 1 4 8 7 -1 -1 6 -1 -1 6 -1 -1 6 -1 -1 5 8 8 8 8 8 8 8 8 8 8 8 8 8 8 8 8 8 8 8 8 8 8 8 8 8 4 4 12 -1 1 0 
-1 -1 -1 -1 -1 -1 -1 1 3 -1 -1 6 -1 14 3 -1 -1 -1 -1 -1 -1 -1 -1 -1 -1 -1 -1 -1 -1 6 -1 -1 -1 -1 -1 1 12 -1 6 -1 -1 -1 -1 -1 6 -1 -1 6 -1 -1 -1 -1 -1 6 -1 -1 -1 -1 -1 -1 -1 -1 -1 -1 -1 6 -1 -1 -1 -1 -1 -1 -1 -1 -1 -1 -1 6 -1 -1 6 -1 -1 -1 -1 -1 6 -1 -1 -1 -1 -1 -1 -1 -1 6 -1 14 0 12 -1 6 -1 -1 -1 -1 -1 6 -1 -1 6 -1 14 3 -1 -1 1 12 -1 6 -1 14 0 12 -1 6 -1 14 3 -1 -1 -1 -1 -1 -1 -1 -1 -1 -1 -1 -1 -1 -1 -1 -1 -1 -1 -1 -1 -1 -1 -1 -1 -1 -1 -1 -1 -1 1 0 
-1 -1 -1 -1 -1 -1 -1 1 3 -1 -1 6 -1 -1 6 -1 -1 -1 -1 -1 -1 -1 -1 -1 -1 -1 -1 -1 -1 6 -1 -1 -1 -1 -1 6 -1 -1 1 7 -1 -1 -1 5 3 -1 -1 1 7 -1 -1 -1 5 0 7 -1 -1 5 7 -1 -1 -1 -1 -1 5 0 7 -1 -1 -1 -1 -1 -1 -1 -1 -1 -1 1 2 2 3 -1 -1 -1 -1 5 3 -1 -1 -1 -1 -1 -1 -1 -1 6 -1 -1 6 -1 -1 6 -1 -1 -1 -1 -1 6 -1 -1 6 -1 -1 6 -1 -1 6 -1 -1 6 -1 -1 6 -1 -1 6 -1 -1 6 -1 -1 -1 -1 -1 -1 -1 -1 -1 -1 -1 -1 -1 -1 -1 -1 -1 -1 -1 -1 -1 -1 -1 -1 -1 -1 -1 -1 5 0 0 
-1 -1 -1 -1 -1 -1 -1 1 3 -1 -1 1 12 -1 6 -1 -1 5 8 8 8 8 8 8 8 8 7 -1 -1 6 -1 -1 5 8 8 9 -1 14 4 4 8 8 8 4 9 -1 -1 10 4 8 8 8 4 4 4 8 8 4 4 8 8 8 8 8 4 4 4 8 2 8 8 8 8 8 8 8 8 4 4 4 4 8 8 8 8 4 4 8 8 8 8 8 7 -1 -1 10 12 -1 6 -1 14 4 8 8 8 8 8 9 -1 -1 6 -1 14 9 -1 -1 6 -1 14 4 12 -1 6 -1 14 4 12 -1 6 -1 -1 14 8 8 2 8 8 8 8 8 2 8 8 8 8 8 2 8 8 2 8 8 8 8 8 2 8 4 0 0 
-1 -1 -1 -1 -1 -1 -1 1 3 -1 -1 6 -1 -1 1 12 -1 6 -1 -1 -1 -1 -1 -1 -1 -1 6 -1 -1 6 -1 14 3 -1 -1 -1 -1 -1 -1 -1 -1 -1 -1 -1 -1 -1 -1 -1 -1 -1 -1 -1 -1 -1 -1 -1 -1 -1 -1 -1 -1 -1 -1 -1 -1 -1 -1 -1 6 -1 -1 -1 -1 -1 -1 -1 -1 -1 -1 -1 -1 -1 -1 -1 -1 -1 -1 -1 -1 -1 -1 -1 6 -1 -1 -1 -1 -1 6 -1 -1 -1 -1 -1 -1 -1 -1 -1 -1 -1 6 -1 -1 -1 -1 -1 6 -1 -1 -1 -1 -1 6 -1 -1 -1 -1 -1 1 12 -1 -1 -1 -1 6 -1 -1 -1 -1 -1 6 -1 -1 -1 -1 -1 6 -1 -1 6 -1 -1 -1 -1 -1 6 -1 -1 1 0 
-1 -1 -1 -1 -1 -1 -1 1 3 -1 -1 1 12 -1 6 -1 -1 6 -1 -1 -1 -1 -1 -1 -1 -1 1 12 -1 6 -1 -1 6 -1 -1 -1 5 7 -1 -1 -1 -1 -1 -1 -1 -1 -1 -1 -1 -1 -1 -1 -1 -1 -1 -1 -1 -1 -1 -1 -1 -1 -1 -1 -1 -1 -1 -1 6 -1 -1 -1 -1 -1 -1 -1 -1 -1 -1 -1 -1 -1 -1 -1 -1 -1 -1 -1 -1 -1 -1 -1 1 7 -1 -1 -1 5 0 7 -1 -1 -1 -1 -1 -1 -1 -1 -1 -1 1 7 -1 -1 -1 -1 1 7 -1 -1 -1 5 0 7 -1 -1 -1 5 3 -1 -1 -1 -1 -1 6 -1 -1 -1 -1 -1 6 -1 -1 -1 -1 -1 6 -1 -1 6 -1 -1 -1 -1 -1 6 -1 -1 1 0 
-1 -1 -1 -1 -1 -1 -1 1 3 -1 -1 6 -1 -1 1 12 -1 1 8 8 8 8 8 7 -1 -1 6 -1 -1 1 12 -1 6 -1 -1 5 4 4 8 8 8 8 8 8 8 8 8 8 8 8 8 8 8 8 8 8 8 8 8 8 8 8 2 8 8 7 -1 -1 6 -1 -1 -1 -1 -1 -1 -1 -1 -1 -1 -1 -1 -1 -1 -1 -1 -1 -1 -1 -1 -1 -1 -1 1 4 8 8 8 4 4 4 8 8 8 8 8 8 8 8 8 8 4 4 8 12 -1 -1 10 4 8 8 8 4 4 4 8 2 8 4 3 -1 -1 11 -1 -1 6 -1 -1 11 -1 -1 6 -1 -1 11 -1 -1 6 -1 -1 13 -1 -1 11 -1 -1 6 -1 -1 1 0 
-1 -1 -1 -1 -1 -1 -1 1 3 -1 -1 1 12 -1 6 -1 -1 6 -1 -1 -1 -1 -1 1 12 -1 1 12 -1 6 -1 -1 1 12 -1 6 -1 -1 -1 -1 -1 -1 -1 -1 -1 -1 -1 -1 -1 -1 -1 -1 -1 -1 -1 -1 -1 -1 -1 -1 -1 -1 6 -1 -1 6 -1 -1 6 -1 -1 -1 -1 -1 15 -1 15 -1 -1 -1 -1 -1 -1 -1 15 -1 15 -1 -1 -1 -1 -1 6 -1 -1 -1 -1 -1 -1 -1 -1 -1 -1 -1 -1 -1 -1 -1 -1 -1 -1 -1 -1 -1 -1 -1 -1 -1 -1 -1 -1 -1 -1 -1 -1 6 -1 -1 1 12 -1 1 12 -1 6 -1 -1 6 -1 -1 6 -1 -1 6 -1 -1 6 -1 -1 -1 -1 -1 6 -1 -1 6 -1 -1 1 0 
-1 -1 -1 -1 -1 -1 -1 1 3 -1 14 3 -1 -1 1 12 -1 6 -1 -1 -1 -1 -1 6 -1 -1 6 -1 -1 6 -1 14 3 -1 -1 6 -1 -1 -1 -1 -1 -1 -1 -1 -1 -1 -1 -1 -1 -1 -1 -1 -1 -1 -1 -1 -1 -1 -1 -1 -1 -1 6 -1 -1 1 12 -1 6 -1 -1 -1 15 -1 -1 -1 -1 -1 15 -1 -1 -1 15 -1 -1 -1 -1 -1 15 -1 -1 -1 6 -1 -1 -1 -1 -1 -1 -1 -1 -1 -1 -1 -1 -1 -1 -1 -1 -1 -1 -1 -1 -1 -1 -1 -1 -1 -1 -1 -1 -1 -1 -1 -1 6 -1 -1 6 -1 -1 6 -1 -1 6 -1 -1 6 -1 -1 6 -1 -1 6 -1 -1 6 -1 -1 -1 -1 -1 6 -1 -1 6 -1 -1 1 0 
-1 -1 -1 -1 -1 -1 -1 1 3 -1 -1 10 12 -1 6 -1 -1 6 -1 -1 11 -1 -1 6 -1 14 4 12 -1 6 -1 -1 6 -1 14 3 -1 -1 14 8 8 2 8 8 8 8 8 8 8 8 8 8 8 8 8 8 8 8 8 12 -1 -1 6 -1 -1 13 -1 -1 6 -1 -1 -1 -1 -1 -1 -1 -1 -1 -1 -1 15 -1 -1 -1 -1 -1 -1 -1 -1 -1 -1 -1 1 8 8 8 8 8 8 8 8 8 8 8 8 8 8 8 8 8 8 8 8 8 8 8 8 8 8 8 8 8 12 -1 -1 6 -1 -1 10 12 -1 6 -1 14 9 -1 -1 6 -1 -1 6 -1 -1 6 -1 -1 6 -1 -1 11 -1 -1 6 -1 -1 6 -1 -1 1 0 
-1 -1 -1 -1 -1 -1 -1 1 0 12 -1 -1 -1 -1 1 12 -1 6 -1 -1 6 -1 -1 6 -1 -1 -1 -1 -1 1 12 -1 6 -1 -1 6 -1 -1 -1 -1 -1 6 -1 -1 -1 -1 -1 -1 -1 -1 -1 -1 -1 -1 -1 -1 -1 -1 -1 -1 -1 -1 6 -1 -1 -1 -1 14 3 -1 -1 14 12 -1 -1 15 -1 15 -1 -1 -1 -1 -1 15 -1 -1 -1 -1 -1 15 -1 -1 6 -1 -1 -1 -1 -1 -1 -1 -1 -1 -1 -1 -1 -1 -1 -1 -1 -1 -1 -1 -1 -1 -1 -1 -1 -1 -1 -1 -1 -1 -1 -1 -1 6 -1 -1 -1 -1 -1 6 -1 -1 -1 -1 -1 6 -1 -1 6 -1 -1 6 -1 -1 6 -1 -1 6 -1 -1 6 -1 -1 6 -1 -1 1 0 
-1 -1 -1 -1 -1 -1 -1 1 3 -1 -1 -1 -1 14 3 -1 -1 6 -1 14 3 -1 14 0 7 -1 -1 -1 14 3 -1 -1 6 -1 14 0 7 -1 -1 -1 -1 6 -1 -1 -1 -1 -1 -1 -1 -1 -1 -1 -1 -1 -1 -1 -1 -1 -1 -1 -1 5 3 -1 -1 -1 -1 -1 6 -1 -1 -1 -1 -1 -1 -1 -1 -1 -1 -1 -1 -1 -1 -1 -1 15 -1 -1 -1 -1 -1 -1 6 -1 -1 -1 -1 -1 -1 -1 -1 -1 -1 -1 -1 -1 -1 -1 -1 -1 -1 -1 -1 -1 -1 -1 -1 -1 -1 -1 -1 -1 -1 -1 5 3 -1 -1 -1 -1 14 0 7 -1 -1 -1 5 3 -1 -1 6 -1 -1 6 -1 -1 6 -1 -1 6 -1 -1 6 -1 -1 6 -1 -1 1 0 
-1 -1 -1 -1 -1 -1 -1 1 0 8 8 12 -1 -1 1 12 -1 6 -1 -1 6 -1 -1 1 4 8 7 -1 -1 6 -1 14 3 -1 -1 1 4 8 12 -1 -1 10 8 8 8 8 8 8 8 8 8 8 8 8 8 8 8 8 8 8 8 4 4 8 8 12 -1 -1 6 -1 15 -1 15 -1 15 -1 -1 15 -1 -1 -1 -1 -1 15 -1 -1 -1 -1 15 -1 15 -1 6 -1 -1 5 8 8 8 8 8 8 8 8 8 8 8 8 8 8 8 8 8 8 8 8 2 8 8 8 8 8 8 8 4 4 8 8 7 -1 -1 1 4 8 8 8 4 3 -1 -1 6 -1 -1 6 -1 -1 6 -1 -1 6 -1 -1 6 -1 -1 6 -1 -1 1 0 
-1 -1 -1 -1 -1 -1 -1 1 3 -1 -1 -1 -1 -1 6 -1 -1 6 -1 14 0 12 -1 6 -1 -1 1 12 -1 6 -1 -1 6 -1 14 3 -1 -1 -1 -1 -1 -1 -1 -1 -1 -1 -1 -1 -1 -1 -1 -1 -1 -1 -1 -1 -1 -1 -1 -1 -1 -1 -1 -1 -1 -1 -1 -1 6 -1 -1 -1 -1 -1 -1 -1 -1 -1 -1 -1 -1 -1 -1 -1 -1 -1 15 -1 -1 -1 -1 -1 6 -1 -1 6 -1 -1 -1 -1 -1 -1 -1 -1 -1 -1 -1 -1 -1 -1 -1 -1 -1 -1 -1 -1 6 -1 -1 -1 -1 -1 -1 -1 -1 -1 -1 -1 6 -1 -1 6 -1 -1 -1 -1 -1 6 -1 -1 6 -1 -1 6 -1 -1 6 -1 -1 6 -1 -1 6 -1 -1 6 -1 -1 1 0 
-1 -1 -1 -1 -1 -1 -1 1 3 -1 -1 -1 -1 5 0 12 -1 6 -1 -1 6 -1 -1 6 -1 -1 6 -1 -1 1 12 -1 6 -1 -1 6 -1 -1 -1 5 7 -1 -1 -1 -1 -1 -1 -1 -1 -1 -1 -1 -1 -1 -1 -1 -1 -1 -1 -1 -1 -1 -1 -1 -1 -1 -1 5 3 -1 15 -1 15 -1 -1 -1 -1 15 -1 -1 -1 -1 -1 15 -1 -1 -1 -1 15 -1 15 -1 6 -1 -1 6 -1 -1 -1 -1 -1 -1 -1 -1 -1 -1 -1 -1 -1 -1 -1 -1 -1 -1 -1 -1 6 -1 -1 -1 -1 -1 -1 -1 -1 -1 -1 -1 6 -1 14 3 -1 -1 -1 -1 -1 6 -1 -1 6 -1 -1 6 -1 -1 6 -1 -1 6 -1 -1 6 -1 -1 6 -1 -1 1 0 
-1 -1 -1 -1 -1 -1 -1 1 3 -1 -1 5 8 4 3 -1 -1 6 -1 14 3 -1 14 4 12 -1 6 -1 14 9 -1 -1 6 -1 14 3 -1 -1 5 4 4 8 8 8 8 8 8 8 8 8 8 8 8 8 8 8 8 8 8 8 8 8 8 8 8 8 8 4 3 -1 -1 -1 -1 -1 -1 -1 -1 -1 -1 -1 -1 -1 -1 -1 -1 -1 15 -1 -1 -1 -1 -1 13 -1 -1 10 8 8 8 8 8 8 8 8 8 8 8 8 8 8 8 8 8 12 -1 -1 6 -1 -1 14 8 8 8 8 8 7 -1 -1 6 -1 -1 6 -1 -1 11 -1 -1 6 -1 -1 6 -1 -1 6 -1 -1 6 -1 -1 6 -1 -1 6 -1 -1 6 -1 -1 1 0 
-1 -1 -1 -1 -1 -1 -1 1 0 12 -1 6 -1 -1 1 12 -1 6 -1 -1 6 -1 -1 -1 -1 -1 6 -1 -1 -1 -1 14 3 -1 -1 1 12 -1 6 -1 -1 -1 -1 -1 -1 -1 -1 -1 -1 -1 -1 -1 -1 -1 -1 -1 -1 -1 -1 -1 -1 -1 -1 -1 -1 -1 -1 -1 6 -1 15 -1 15 -1 15 -1 -1 15 -1 -1 -1 -1 -1 15 -1 -1 -1 -1 15 -1 15 -1 -1 -1 -1 -1 -1 -1 -1 -1 -1 -1 -1 -1 -1 -1 -1 -1 -1 -1 -1 -1 -1 -1 -1 -1 6 -1 -1 -1 -1 -1 -1 -1 -1 6 -1 -1 6 -1 14 3 -1 -1 6 -1 -1 6 -1 -1 6 -1 -1 6 -1 -1 6 -1 -1 6 -1 -1 6 -1 -1 6 -1 -1 1 0 
-1 -1 -1 -1 -1 -1 -1 1 3 -1 -1 6 -1 -1 6 -1 -1 1 7 -1 1 12 -1 -1 -1 5 0 7 -1 -1 -1 -1 6 -1 14 3 -1 -1 6 -1 -1 -1 -1 -1 -1 -1 -1 -1 -1 -1 -1 -1 -1 -1 -1 -1 -1 -1 -1 -1 -1 -1 -1 -1 -1 -1 -1 -1 6 -1 -1 -1 -1 -1 -1 -1 -1 -1 -1 -1 -1 -1 -1 -1 -1 15 -1 -1 -1 -1 -1 -1 -1 -1 -1 -1 -1 -1 -1 -1 -1 -1 -1 -1 -1 -1 -1 -1 -1 -1 -1 -1 -1 -1 -1 -1 6 -1 -1 -1 -1 -1 -1 -1 -1 6 -1 -1 6 -1 -1 6 -1 -1 6 -1 -1 6 -1 -1 6 -1 -1 6 -1 -1 6 -1 -1 6 -1 -1 6 -1 -1 6 -1 -1 1 0 
-1 -1 -1 -1 -1 -1 -1 1 0 12 -1 6 -1 -1 1 12 -1 1 4 8 9 -1 -1 5 8 4 4 4 8 7 -1 -1 6 -1 -1 6 -1 14 4 8 8 8 8 8 8 8 8 8 8 8 8 8 8 8 8 8 8 8 8 8 8 8 8 8 8 12 -1 -1 6 -1 -1 14 12 -1 -1 15 -1 15 -1 -1 -1 -1 -1 15 -1 -1 -1 -1 -1 15 -1 -1 5 8 8 2 8 8 8 8 8 8 8 8 8 8 8 8 8 8 8 8 8 12 -1 -1 1 8 8 8 8 8 12 -1 -1 6 -1 -1 6 -1 14 3 -1 -1 6 -1 -1 6 -1 -1 6 -1 -1 6 -1 -1 10 8 8 3 -1 -1 6 -1 -1 6 -1 -1 1 0 
-1 -1 -1 -1 -1 -1 -1 1 3 -1 -1 6 -1 -1 6 -1 -1 6 -1 -1 -1 -1 -1 6 -1 -1 -1 -1 -1 6 -1 -1 6 -1 14 3 -1 -1 -1 -1 -1 -1 -1 -1 -1 -1 -1 -1 -1 -1 -1 -1 -1 -1 -1 -1 -1 -1 -1 -1 -1 -1 -1 -1 -1 -1 -1 -1 6 -1 -1 -1 -1 -1 -1 -1 -1 -1 -1 -1 -1 -1 -1 -1 -1 -1 -1 -1 -1 -1 -1 -1 6 -1 -1 6 -1 -1 -1 -1 -1 -1 -1 -1 -1 -1 -1 -1 -1 -1 -1 -1 -1 -1 -1 -1 6 -1 -1 -1 -1 -1 -1 -1 -1 6 -1 -1 6 -1 -1 6 -1 -1 6 -1 -1 6 -1 -1 6 -1 -1 6 -1 -1 -1 -1 -1 6 -1 -1 6 -1 -1 6 -1 -1 1 0 
-1 -1 -1 -1 -1 -1 -1 1 0 12 -1 6 -1 -1 1 12 -1 6 -1 -1 -1 -1 5 3 -1 -1 -1 -1 -1 6 -1 14 3 -1 -1 1 7 -1 -1 -1 -1 -1 -1 -1 -1 -1 -1 -1 -1 -1 -1 -1 -1 -1 -1 -1 -1 -1 -1 -1 -1 -1 -1 -1 -1 -1 -1 5 3 -1 -1 -1 -1 15 -1 -1 -1 -1 -1 -1 -1 -1 -1 -1 -1 -1 -1 15 -1 -1 -1 -1 6 -1 -1 6 -1 -1 -1 -1 -1 -1 -1 -1 -1 -1 -1 -1 -1 -1 -1 -1 -1 -1 -1 5 3 -1 -1 -1 -1 -1 -1 -1 -1 6 -1 -1 6 -1 14 3 -1 -1 6 -1 -1 6 -1 -1 6 -1 -1 6 -1 -1 -1 -1 -1 6 -1 -1 6 -1 -1 6 -1 -1 1 0 
-1 -1 -1 -1 -1 -1 -1 1 3 -1 -1 13 -1 -1 6 -1 -1 6 -1 -1 14 8 4 3 -1 -1 11 -1 -1 6 -1 -1 6 -1 14 4 4 8 8 8 8 8 8 8 8 8 8 8 8 8 8 8 8 2 8 8 8 8 8 8 8 8 8 8 8 8 8 4 3 -1 -1 -1 -1 -1 -1 15 -1 -1 -1 -1 -1 -1 -1 -1 -1 15 -1 -1 -1 -1 -1 -1 6 -1 -1 6 -1 -1 14 8 8 8 8 8 8 8 8 8 8 8 8 8 8 8 8 4 4 8 8 8 8 8 8 8 8 9 -1 -1 6 -1 -1 10 8 8 3 -1 -1 6 -1 -1 6 -1 -1 1 8 8 7 -1 -1 6 -1 -1 6 -1 -1 6 -1 -1 1 0 
-1 -1 -1 -1 -1 -1 -1 1 0 12 -1 -1 -1 -1 1 12 -1 1 12 -1 -1 -1 -1 1 12 -1 6 -1 14 3 -1 14 3 -1 -1 -1 -1 -1 -1 -1 -1 -1 -1 -1 -1 -1 -1 -1 -1 -1 -1 -1 -1 6 -1 -1 -1 -1 -1 -1 -1 -1 -1 -1 -1 -1 -1 -1 6 -1 -1 -1 -1 -1 -1 -1 -1 15 -1 -1 -1 -1 -1 15 -1 -1 -1 -1 -1 -1 -1 -1 6 -1 -1 6 -1 -1 -1 -1 -1 -1 -1 -1 -1 -1 -1 -1 -1 -1 -1 -1 -1 -1 -1 -1 -1 -1 -1 -1 -1 -1 -1 -1 -1 -1 -1 -1 1 12 -1 -1 -1 -1 6 -1 -1 6 -1 -1 6 -1 -1 6 -1 -1 6 -1 -1 6 -1 -1 6 -1 -1 6 -1 -1 1 0 
-1 -1 -1 -1 -1 -1 -1 1 3 -1 -1 -1 -1 -1 6 -1 -1 6 -1 -1 -1 -1 -1 6 -1 -1 6 -1 -1 6 -1 -1 1 7 -1 -1 -1 -1 -1 -1 -1 -1 -1 -1 -1 -1 -1 -1 -1 -1 -1 -1 -1 6 -1 -1 -1 -1 -1 -1 -1 -1 -1 -1 -1 -1 -1 -1 6 -1 -1 -1 -1 -1 -1 -1 -1 -1 -1 -1 11 -1 -1 -1 -1 -1 -1 -1 -1 -1 -1 -1 6 -1 -1 1 7 -1 -1 -1 -1 -1 -1 -1 -1 -1 -1 -1 -1 -1 -1 -1 -1 -1 -1 -1 -1 -1 -1 -1 -1 -1 -1 -1 -1 -1 -1 -1 6 -1 -1 -1 -1 -1 6 -1 -1 6 -1 -1 6 -1 -1 6 -1 -1 6 -1 -1 6 -1 -1 6 -1 -1 6 -1 -1 1 0 
-1 -1 -1 -1 -1 -1 -1 1 3 -1 -1 11 -1 -1 1 12 -1 6 -1 -1 11 -1 -1 6 -1 14 0 12 -1 6 -1 14 4 4 8 8 8 8 8 8 8 8 8 8 8 8 8 8 8 8 12 -1 -1 6 -1 -1 14 8 8 8 8 8 8 8 8 7 -1 -1 10 8 8 2 8 8 2 8 8 2 8 8 0 8 8 2 8 8 8 8 8 2 8 8 3 -1 -1 1 4 8 8 8 8 8 8 8 8 8 8 8 8 8 8 8 8 8 8 8 8 8 8 7 -1 -1 14 8 8 8 8 8 3 -1 -1 11 -1 -1 13 -1 -1 6 -1 -1 6 -1 -1 6 -1 -1 13 -1 -1 6 -1 -1 6 -1 -1 6 -1 -1 1 0 
-1 -1 -1 -1 -1 -1 -1 1 0 12 -1 6 -1 14 3 -1 -1 1 12 -1 6 -1 -1 6 -1 -1 6 -1 -1 6 -1 -1 -1 -1 -1 -1 -1 -1 -1 -1 -1 -1 -1 -1 -1 -1 -1 -1 -1 -1 -1 -1 -1 6 -1 -1 -1 -1 -1 -1 -1 -1 -1 -1 -1 6 -1 -1 -1 -1 -1 6 -1 -1 6 -1 -1 6 -1 -1 6 -1 -1 6 -1 -1 -1 -1 -1 6 -1 -1 6 -1 -1 6 -1 -1 -1 -1 -1 -1 -1 -1 -1 -1 -1 -1 -1 -1 -1 -1 -1 -1 -1 -1 -1 -1 -1 6 -1 -1 -1 -1 -1 -1 -1 -1 1 12 -1 6 -1 -1 -1 -1 -1 6 -1 -1 6 -1 -1 6 -1 -1 -1 -1 -1 6 -1 -1 6 -1 -1 6 -1 -1 1 0 
-1 -1 -1 -1 -1 -1 -1 1 3 -1 -1 6 -1 -1 1 12 -1 6 -1 -1 6 -1 5 0 12 -1 6 -1 14 0 12 -1 -1 -1 -1 -1 -1 -1 -1 -1 -1 -1 -1 -1 -1 -1 -1 -1 -1 -1 -1 -1 5 0 7 -1 -1 -1 -1 -1 -1 -1 -1 -1 -1 1 7 -1 -1 -1 -1 6 -1 -1 6 -1 -1 6 -1 -1 6 -1 -1 6 -1 -1 -1 -1 -1 6 -1 -1 6 -1 -1 6 -1 -1 -1 -1 -1 -1 -1 -1 -1 -1 -1 -1 -1 -1 -1 -1 -1 -1 -1 -1 -1 -1 -1 1 7 -1 -1 -1 -1 -1 -1 -1 6 -1 -1 1 7 -1 -1 -1 -1 6 -1 -1 6 -1 -1 6 -1 -1 -1 -1 -1 6 -1 -1 6 -1 -1 6 -1 -1 1 0 
-1 -1 -1 -1 -1 -1 -1 1 0 12 -1 1 12 -1 6 -1 -1 6 -1 14 4 8 4 3 -1 -1 6 -1 -1 6 -1 -1 11 -1 -1 5 8 8 8 8 8 2 8 8 8 8 8 12 -1 -1 14 8 4 4 4 8 2 8 8 8 8 8 7 -1 -1 10 4 8 7 -1 -1 6 -1 -1 6 -1 -1 6 -1 -1 6 -1 -1 6 -1 -1 11 -1 -1 6 -1 -1 6 -1 -1 10 8 8 8 8 8 8 8 8 8 8 8 8 8 8 8 8 8 8 8 8 12 -1 -1 1 4 8 8 8 8 2 8 8 9 -1 14 0 4 8 8 8 8 9 -1 -1 6 -1 -1 1 8 8 8 8 8 3 -1 -1 6 -1 -1 13 -1 -1 1 0 
-1 -1 -1 -1 -1 -1 -1 1 3 -1 -1 6 -1 -1 1 12 -1 6 -1 -1 -1 -1 -1 6 -1 14 0 12 -1 6 -1 -1 6 -1 -1 6 -1 -1 -1 -1 -1 6 -1 -1 -1 -1 -1 -1 -1 -1 -1 -1 -1 -1 -1 -1 6 -1 -1 -1 -1 -1 6 -1 -1 -1 -1 -1 6 -1 -1 6 -1 -1 6 -1 -1 6 -1 -1 6 -1 -1 6 -1 -1 6 -1 -1 6 -1 -1 6 -1 -1 -1 -1 -1 -1 -1 -1 -1 -1 -1 -1 -1 -1 -1 -1 -1 -1 -1 -1 -1 -1 -1 -1 -1 -1 6 -1 -1 -1 -1 -1 6 -1 -1 -1 -1 -1 6 -1 -1 -1 -1 -1 -1 -1 -1 6 -1 -1 6 -1 -1 -1 -1 -1 6 -1 -1 6 -1 -1 -1 -1 -1 1 0 
-1 -1 -1 -1 -1 -1 -1 1 0 12 -1 6 -1 14 3 -1 -1 1 12 -1 -1 -1 -1 6 -1 -1 6 -1 -1 1 12 -1 6 -1 14 3 -1 -1 -1 -1 -1 6 -1 -1 -1 -1 -1 -1 5 7 -1 -1 -1 -1 -1 -1 6 -1 -1 -1 -1 -1 1 7 -1 -1 -1 -1 6 -1 14 3 -1 -1 6 -1 -1 6 -1 -1 6 -1 -1 6 -1 -1 6 -1 -1 6 -1 -1 6 -1 -1 -1 -1 -1 -1 -1 -1 -1 -1 -1 -1 -1 -1 -1 -1 -1 -1 -1 -1 -1 -1 -1 -1 -1 5 3 -1 -1 -1 -1 -1 6 -1 -1 -1 -1 14 3 -1 -1 -1 -1 -1 -1 -1 -1 6 -1 -1 6 -1 -1 -1 -1 -1 6 -1 -1 6 -1 -1 -1 -1 -1 1 0 
-1 -1 -1 -1 -1 -1 -1 1 3 -1 -1 6 -1 -1 1 12 -1 13 -1 -1 11 -1 14 4 12 -1 6 -1 14 3 -1 -1 6 -1 -1 1 8 8 12 -1 -1 10 8 8 2 8 8 8 4 4 8 8 8 8 8 8 9 -1 -1 14 8 8 4 4 8 12 -1 -1 6 -1 -1 13 -1 -1 6 -1 -1 6 -1 -1 13 -1 -1 6 -1 -1 6 -1 -1 6 -1 -1 1 8 8 2 8 8 8 8 8 8 8 8 8 8 8 8 8 8 8 8 8 12 -1 -1 5 8 4 9 -1 -1 5 8 8 9 -1 -1 11 -1 -1 6 -1 -1 5 8 8 8 8 8 3 -1 -1 13 -1 -1 11 -1 -1 13 -1 -1 6 -1 -1 11 -1 -1 1 0 
-1 -1 -1 -1 -1 -1 -1 1 0 12 -1 1 12 -1 6 -1 -1 -1 -1 -1 6 -1 -1 -1 -1 -1 6 -1 -1 6 -1 14 0 12 -1 6 -1 -1 -1 -1 -1 -1 -1 -1 6 -1 -1 -1 -1 -1 -1 -1 -1 -1 -1 -1 -1 -1 -1 -1 -1 -1 -1 -1 -1 -1 -1 -1 6 -1 -1 -1 -1 -1 6 -1 -1 6 -1 -1 -1 -1 -1 6 -1 -1 6 -1 -1 6 -1 -1 6 -1 -1 6 -1 -1 -1 -1 -1 -1 -1 -1 -1 -1 -1 -1 -1 -1 -1 -1 -1 -1 -1 -1 6 -1 -1 -1 -1 -1 6 -1 -1 -1 -1 -1 6 -1 -1 6 -1 -1 6 -1 -1 -1 -1 -1 6 -1 -1 -1 -1 -1 6 -1 -1 -1 -1 -1 6 -1 -1 6 -1 -1 1 0 
-1 -1 -1 -1 -1 -1 -1 1 3 -1 -1 6 -1 -1 1 7 -1 -1 -1 5 0 7 -1 -1 -1 5 0 7 -1 6 -1 -1 6 -1 -1 6 -1 -1 -1 5 7 -1 -1 -1 6 -1 -1 -1 -1 -1 -1 -1 -1 -1 -1 -1 -1 -1 -1 -1 -1 -1 -1 -1 -1 -1 -1 5 0 12 -1 -1 -1 -1 6 -1 -1 6 -1 -1 -1 -1 -1 6 -1 -1 6 -1 -1 6 -1 -1 6 -1 -1 6 -1 -1 -1 -1 -1 -1 -1 -1 -1 -1 -1 -1 -1 -1 -1 -1 -1 -1 -1 5 3 -1 -1 -1 -1 -1 6 -1 -1 -1 -1 5 0 7 -1 6 -1 -1 6 -1 -1 -1 -1 -1 6 -1 -1 -1 -1 -1 6 -1 -1 -1 -1 -1 6 -1 -1 6 -1 -1 1 0 
-1 -1 -1 -1 -1 -1 -1 1 3 -1 14 4 8 8 4 4 8 8 8 4 4 4 8 8 8 4 4 4 8 4 12 -1 6 -1 14 9 -1 -1 5 4 4 7 -1 -1 6 -1 -1 5 8 8 8 8 8 8 8 8 8 8 8 2 8 8 12 -1 -1 14 8 4 3 -1 -1 14 8 8 9 -1 -1 1 8 8 8 8 8 9 -1 -1 10 8 8 9 -1 -1 6 -1 -1 6 -1 -1 5 8 8 8 8 8 2 8 8 8 8 8 8 8 8 8 8 4 9 -1 -1 11 -1 -1 6 -1 -1 5 8 4 4 4 8 3 -1 -1 10 8 8 12 -1 -1 10 8 8 8 8 8 4 8 8 8 8 8 9 -1 -1 6 -1 -1 1 0 
-1 -1 -1 -1 -1 -1 -1 1 3 -1 -1 -1 -1 -1 -1 -1 -1 -1 -1 -1 -1 -1 -1 -1 -1 -1 -1 -1 -1 -1 -1 -1 6 -1 -1 -1 -1 14 3 -1 -1 6 -1 14 3 -1 -1 6 -1 -1 -1 -1 -1 -1 -1 -1 -1 -1 -1 6 -1 -1 -1 -1 -1 -1 -1 -1 6 -1 -1 -1 -1 -1 -1 -1 -1 6 -1 -1 -1 -1 -1 -1 -1 -1 -1 -1 -1 -1 -1 -1 6 -1 -1 6 -1 -1 6 -1 -1 -1 -1 -1 6 -1 -1 -1 -1 -1 -1 -1 -1 -1 -1 -1 -1 -1 -1 6 -1 -1 1 12 -1 6 -1 -1 -1 -1 -1 6 -1 -1 -1 -1 -1 -1 -1 -1 -1 -1 -1 -1 -1 -1 -1 -1 -1 -1 -1 -1 -1 -1 -1 6 -1 -1 1 0 
-1 -1 -1 -1 -1 -1 -1 1 0 7 -1 -1 -1 -1 -1 -1 -1 -1 -1 -1 -1 -1 -1 -1 -1 -1 -1 -1 -1 -1 -1 5 0 7 -1 -1 -1 -1 6 -1 -1 6 -1 -1 6 -1 14 3 -1 -1 -1 -1 -1 -1 -1 -1 -1 -1 -1 6 -1 -1 -1 5 7 -1 -1 -1 1 7 -1 -1 -1 -1 -1 -1 -1 6 -1 -1 -1 -1 -1 -1 -1 -1 -1 -1 -1 -1 -1 -1 6 -1 -1 1 12 -1 6 -1 -1 -1 -1 -1 6 -1 -1 -1 -1 -1 -1 -1 -1 -1 -1 -1 -1 -1 -1 6 -1 -1 6 -1 -1 6 -1 -1 -1 -1 -1 6 -1 -1 -1 -1 -1 -1 -1 -1 -1 -1 -1 -1 -1 -1 -1 -1 -1 -1 -1 -1 -1 -1 -1 6 -1 -1 1 0 
-1 -1 -1 -1 -1 -1 -1 1 0 4 8 8 8 8 8 8 8 8 8 8 8 8 8 8 8 8 8 8 8 8 8 4 4 4 8 7 -1 -1 6 -1 -1 1 12 -1 6 -1 -1 6 -1 -1 5 8 8 8 8 8 7 -1 -1 6 -1 -1 5 4 4 8 8 8 4 4 8 8 8 8 8 8 8 9 -1 -1 5 8 8 8 8 8 8 8 8 7 -1 -1 6 -1 -1 6 -1 -1 6 -1 -1 11 -1 -1 6 -1 -1 14 8 8 7 -1 -1 5 8 8 8 8 8 0 8 8 4 12 -1 1 8 8 12 -1 -1 10 8 8 8 8 8 8 8 8 8 8 8 8 8 8 8 8 8 8 8 8 2 8 8 9 -1 -1 1 0 
-1 -1 -1 -1 -1 -1 -1 1 3 -1 -1 -1 -1 -1 -1 -1 -1 -1 -1 -1 -1 -1 -1 -1 -1 -1 -1 -1 -1 -1 -1 -1 -1 -1 -1 1 12 -1 6 -1 -1 6 -1 -1 1 12 -1 6 -1 -1 6 -1 -1 -1 -1 -1 1 12 -1 6 -1 14 3 -1 -1 -1 -1 -1 -1 -1 -1 -1 -1 -1 -1 -1 -1 -1 -1 -1 6 -1 -1 -1 -1 -1 -1 -1 -1 6 -1 -1 6 -1 -1 1 12 -1 6 -1 -1 6 -1 -1 6 -1 -1 -1 -1 -1 6 -1 -1 6 -1 -1 -1 -1 -1 6 -1 -1 -1 -1 -1 6 -1 -1 -1 -1 -1 -1 -1 -1 -1 -1 -1 -1 -1 -1 -1 -1 -1 -1 -1 -1 -1 -1 -1 -1 -1 -1 6 -1 -1 -1 -1 -1 1 0 
-1 -1 -1 -1 -1 -1 -1 1 3 -1 -1 -1 -1 -1 -1 -1 -1 -1 -1 -1 -1 -1 -1 -1 -1 -1 -1 -1 -1 -1 -1 -1 -1 -1 -1 6 -1 -1 6 -1 -1 6 -1 14 3 -1 -1 6 -1 -1 6 -1 -1 -1 -1 -1 6 -1 -1 6 -1 -1 6 -1 -1 -1 -1 -1 -1 -1 -1 -1 -1 -1 -1 -1 -1 -1 -1 -1 6 -1 -1 -1 -1 -1 -1 -1 -1 6 -1 -1 6 -1 -1 6 -1 -1 6 -1 -1 6 -1 -1 6 -1 -1 -1 -1 -1 6 -1 -1 6 -1 -1 -1 -1 -1 6 -1 -1 -1 -1 5 3 -1 -1 -1 -1 -1 -1 -1 -1 -1 -1 -1 -1 -1 -1 -1 -1 -1 -1 -1 -1 -1 -1 -1 -1 -1 -1 6 -1 -1 -1 -1 -1 1 0 
-1 -1 -1 -1 -1 -1 -1 1 3 -1 -1 14 8 8 2 8 8 8 8 8 8 8 8 8 8 8 8 8 8 8 8 8 12 -1 -1 6 -1 14 3 -1 -1 6 -1 -1 1 12 -1 6 -1 -1 6 -1 -1 11 -1 -1 6 -1 14 4 12 -1 6 -1 -1 14 8 8 8 8 8 8 8 8 8 8 8 8 8 8 4 8 8 8 8 8 12 -1 -1 6 -1 -1 13 -1 -1 1 12 -1 6 -1 -1 6 -1 -1 10 8 8 7 -1 -1 10 8 8 3 -1 -1 11 -1 -1 6 -1 -1 5 8 4 3 -1 -1 14 8 8 8 8 8 8 8 8 8 8 8 8 8 8 8 8 8 2 8 8 12 -1 -1 6 -1 -1 11 -1 -1 1 0 
-1 -1 -1 -1 -1 -1 -1 1 3 -1 -1 -1 -1 -1 6 -1 -1 -1 -1 -1 -1 -1 -1 -1 -1 -1 -1 -1 -1 -1 -1 -1 -1 -1 -1 6 -1 -1 6 -1 -1 1 12 -1 6 -1 -1 6 -1 -1 6 -1 -1 6 -1 14 3 -1 -1 -1 -1 -1 6 -1 -1 -1 -1 -1 -1 -1 -1 -1 -1 -1 -1 -1 -1 -1 -1 -1 -1 -1 -1 -1 -1 -1 -1 -1 -1 6 -1 -1 -1 -1 -1 6 -1 -1 6 -1 -1 6 -1 -1 -1 -1 -1 6 -1 -1 -1 -1 -1 6 -1 -1 6 -1 -1 6 -1 -1 6 -1 -1 6 -1 -1 -1 -1 -1 -1 -1 -1 -1 -1 -1 -1 -1 -1 -1 -1 -1 -1 -1 -1 6 -1 -1 -1 -1 -1 6 -1 -1 6 -1 -1 1 0 
-1 -1 -1 -1 -1 -1 -1 1 0 7 -1 -1 -1 -1 6 -1 -1 -1 -1 -1 -1 -1 -1 -1 -1 -1 -1 -1 -1 -1 -1 -1 -1 -1 5 3 -1 14 3 -1 -1 6 -1 -1 1 12 -1 6 -1 -1 1 12 -1 6 -1 -1 1 7 -1 -1 -1 5 3 -1 -1 -1 -1 -1 -1 -1 -1 -1 -1 -1 -1 -1 -1 -1 -1 -1 -1 -1 -1 -1 -1 -1 -1 -1 -1 6 -1 -1 -1 -1 -1 6 -1 14 3 -1 -1 6 -1 -1 -1 -1 -1 6 -1 -1 -1 -1 -1 6 -1 -1 6 -1 -1 1 12 -1 6 -1 -1 6 -1 -1 -1 -1 -1 -1 -1 -1 -1 -1 -1 -1 -1 -1 -1 -1 -1 -1 -1 -1 6 -1 -1 -1 -1 -1 6 -1 -1 6 -1 -1 1 0 
-1 -1 -1 -1 -1 -1 -1 1 0 4 8 12 -1 -1 6 -1 -1 14 8 8 8 8 8 8 8 8 8 8 8 8 8 8 8 8 4 3 -1 -1 6 -1 -1 6 -1 14 3 -1 -1 1 8 8 9 -1 -1 6 -1 14 0 4 8 8 8 4 4 8 8 2 8 8 8 8 8 8 8 8 8 8 8 12 -1 -1 14 8 8 8 8 8 8 8 8 4 8 8 8 8 8 3 -1 -1 10 8 8 9 -1 -1 11 -1 -1 6 -1 -1 11 -1 -1 6 -1 -1 6 -1 -1 6 -1 -1 6 -1 -1 10 8 8 8 8 8 8 8 8 8 8 8 8 8 8 8 8 8 12 -1 -1 6 -1 -1 14 8 8 4 8 8 9 -1 -1 1 0 
-1 -1 -1 -1 -1 -1 -1 1 3 -1 -1 -1 -1 -1 6 -1 -1 -1 -1 -1 -1 -1 -1 -1 -1 -1 -1 -1 -1 -1 -1 -1 -1 -1 -1 6 -1 14 3 -1 -1 6 -1 -1 1 12 -1 6 -1 -1 -1 -1 14 3 -1 -1 6 -1 -1 -1 -1 -1 -1 -1 -1 6 -1 -1 -1 -1 -1 -1 -1 -1 -1 -1 -1 -1 -1 -1 -1 -1 -1 -1 -1 -1 -1 -1 -1 -1 -1 -1 -1 -1 -1 1 12 -1 -1 -1 -1 -1 -1 -1 6 -1 -1 6 -1 -1 6 -1 -1 6 -1 -1 6 -1 -1 6 -1 14 3 -1 -1 -1 -1 -1 -1 -1 -1 -1 -1 -1 -1 -1 -1 -1 -1 -1 -1 -1 -1 -1 -1 -1 6 -1 -1 -1 -1 -1 -1 -1 -1 -1 -1 -1 1 0 
-1 -1 -1 -1 -1 -1 -1 1 3 -1 -1 -1 -1 5 0 7 -1 -1 -1 -1 -1 -1 -1 -1 -1 -1 -1 -1 -1 -1 -1 -1 -1 -1 -1 6 -1 -1 6 -1 -1 1 12 -1 6 -1 -1 6 -1 -1 -1 -1 -1 6 -1 14 3 -1 -1 -1 -1 -1 -1 -1 -1 6 -1 -1 -1 -1 -1 -1 -1 -1 -1 -1 -1 -1 -1 -1 -1 -1 -1 -1 -1 -1 -1 -1 -1 -1 -1 -1 -1 -1 -1 6 -1 -1 -1 -1 -1 -1 -1 5 0 7 -1 6 -1 -1 6 -1 -1 6 -1 -1 6 -1 -1 6 -1 -1 6 -1 -1 -1 -1 -1 -1 -1 -1 -1 -1 -1 -1 -1 -1 -1 -1 -1 -1 -1 -1 -1 -1 -1 6 -1 -1 -1 -1 -1 -1 -1 -1 -1 -1 -1 1 0 
-1 -1 -1 -1 -1 -1 -1 1 3 -1 -1 14 8 4 4 4 8 8 8 8 8 8 8 8 8 8 8 8 8 8 8 8 8 8 8 3 -1 14 3 -1 -1 6 -1 -1 6 -1 14 9 -1 -1 11 -1 -1 6 -1 -1 6 -1 -1 11 -1 -1 11 -1 -1 10 8 8 8 8 8 8 8 8 8 8 8 8 8 8 8 8 8 8 8 8 8 8 8 8 8 8 12 -1 -1 6 -1 -1 14 8 8 2 8 4 4 4 8 3 -1 -1 1 8 8 9 -1 -1 6 -1 -1 10 12 -1 1 8 8 8 8 8 8 8 8 8 8 8 8 8 8 8 8 8 2 8 8 8 8 8 9 -1 -1 5 8 8 8 8 8 8 8 8 0 0 
-1 -1 -1 -1 -1 -1 -1 1 3 -1 -1 -1 -1 -1 -1 -1 -1 -1 -1 -1 -1 -1 -1 -1 -1 -1 -1 -1 -1 -1 -1 -1 -1 -1 -1 6 -1 -1 6 -1 -1 6 -1 14 3 -1 -1 -1 -1 -1 6 -1 -1 6 -1 14 3 -1 -1 6 -1 -1 6 -1 -1 -1 -1 -1 -1 -1 -1 -1 -1 -1 -1 -1 -1 -1 -1 -1 -1 -1 -1 -1 -1 -1 -1 -1 -1 -1 -1 -1 -1 -1 -1 6 -1 -1 -1 -1 -1 6 -1 -1 -1 -1 -1 6 -1 -1 6 -1 -1 -1 -1 -1 6 -1 -1 -1 -1 -1 6 -1 -1 -1 -1 -1 -1 -1 -1 -1 -1 -1 -1 -1 -1 -1 -1 -1 6 -1 -1 -1 -1 -1 -1 -1 -1 6 -1 -1 -1 -1 -1 -1 -1 -1 1 0 
-1 -1 -1 -1 -1 -1 -1 1 0 7 -1 -1 -1 -1 -1 -1 -1 -1 -1 -1 -1 -1 -1 -1 -1 -1 -1 -1 -1 -1 -1 -1 -1 -1 -1 6 -1 14 3 -1 -1 6 -1 -1 1 7 -1 -1 -1 5 0 7 -1 6 -1 -1 6 -1 -1 6 -1 -1 6 -1 -1 -1 -1 -1 -1 -1 -1 -1 -1 -1 -1 -1 -1 -1 -1 -1 -1 -1 -1 -1 -1 -1 -1 -1 -1 -1 -1 -1 -1 -1 5 0 12 -1 -1 -1 -1 6 -1 -1 -1 -1 -1 6 -1 -1 6 -1 -1 -1 -1 -1 6 -1 -1 -1 -1 5 3 -1 -1 -1 -1 -1 -1 -1 -1 -1 -1 -1 -1 -1 -1 -1 -1 -1 6 -1 -1 -1 -1 -1 -1 -1 -1 6 -1 -1 -1 -1 -1 -1 -1 -1 1 0 
-1 -1 -1 -1 -1 -1 -1 1 0 4 8 8 8 8 8 8 8 8 8 8 8 8 8 8 8 8 8 8 8 8 8 8 12 -1 -1 6 -1 -1 6 -1 -1 1 12 -1 1 4 8 8 8 4 4 4 8 0 12 -1 6 -1 -1 6 -1 -1 6 -1 -1 14 8 8 8 8 8 8 8 8 8 8 8 8 8 8 8 8 8 8 8 8 8 8 8 8 8 8 8 8 4 3 -1 -1 11 -1 -1 6 -1 -1 11 -1 -1 13 -1 -1 6 -1 -1 5 8 8 4 8 8 2 8 4 3 -1 -1 5 8 8 2 8 8 8 8 8 8 8 8 7 -1 -1 10 8 8 8 8 8 8 8 8 9 -1 -1 14 8 8 7 -1 -1 1 0 
-1 -1 -1 -1 -1 -1 -1 1 3 -1 -1 -1 -1 -1 -1 -1 -1 -1 -1 -1 -1 -1 -1 -1 -1 -1 -1 -1 -1 -1 -1 -1 -1 -1 -1 6 -1 14 3 -1 -1 6 -1 -1 6 -1 -1 -1 -1 -1 -1 -1 -1 6 -1 -1 6 -1 -1 6 -1 -1 6 -1 -1 -1 -1 -1 -1 -1 -1 -1 -1 -1 -1 -1 -1 -1 -1 -1 -1 -1 -1 -1 -1 -1 -1 -1 -1 -1 -1 -1 -1 -1 -1 6 -1 14 0 12 -1 6 -1 -1 6 -1 -1 -1 -1 -1 6 -1 -1 6 -1 -1 -1 -1 -1 6 -1 -1 6 -1 -1 6 -1 -1 6 -1 -1 -1 -1 -1 -1 -1 -1 6 -1 -1 -1 -1 -1 -1 -1 -1 -1 -1 -1 -1 -1 -1 -1 -1 -1 1 12 -1 1 0 
-1 -1 -1 -1 -1 -1 -1 1 3 -1 -1 -1 -1 -1 -1 -1 -1 -1 -1 -1 -1 -1 -1 -1 -1 -1 -1 -1 -1 -1 -1 -1 -1 -1 5 3 -1 -1 6 -1 -1 6 -1 -1 6 -1 -1 -1 -1 -1 -1 -1 -1 6 -1 14 3 -1 -1 6 -1 -1 1 7 -1 -1 -1 -1 -1 -1 -1 -1 -1 -1 -1 -1 -1 -1 -1 -1 -1 -1 -1 -1 -1 -1 -1 -1 -1 -1 -1 -1 -1 -1 -1 6 -1 -1 6 -1 -1 6 -1 -1 1 7 -1 -1 -1 -1 6 -1 -1 6 -1 -1 -1 -1 -1 6 -1 -1 1 12 -1 6 -1 -1 6 -1 -1 -1 -1 -1 -1 -1 -1 1 7 -1 -1 -1 -1 -1 -1 -1 -1 -1 -1 -1 5 7 -1 -1 -1 6 -1 -1 1 0 
-1 -1 -1 -1 -1 -1 -1 1 3 -1 -1 14 8 8 8 8 8 8 8 8 8 8 8 8 8 8 8 8 8 8 8 8 8 8 4 4 12 -1 6 -1 -1 6 -1 14 9 -1 -1 5 8 8 7 -1 -1 6 -1 -1 6 -1 -1 6 -1 -1 1 4 8 8 8 8 8 8 8 8 8 8 8 8 8 8 8 8 8 8 8 8 8 8 8 8 8 8 8 8 8 8 8 4 12 -1 6 -1 14 3 -1 -1 1 4 8 8 8 8 3 -1 -1 6 -1 -1 11 -1 -1 6 -1 -1 6 -1 -1 6 -1 -1 13 -1 -1 5 8 8 8 8 8 4 4 8 8 8 8 8 8 8 8 8 8 8 4 4 12 -1 -1 6 -1 14 0 0 
-1 -1 -1 -1 -1 -1 -1 1 3 -1 -1 -1 -1 -1 -1 -1 -1 -1 -1 -1 -1 -1 -1 -1 -1 -1 -1 -1 -1 -1 -1 -1 -1 -1 -1 -1 -1 -1 6 -1 -1 6 -1 -1 -1 -1 -1 6 -1 -1 6 -1 14 3 -1 14 3 -1 -1 6 -1 -1 6 -1 -1 -1 -1 -1 -1 -1 -1 -1 -1 -1 -1 -1 -1 -1 -1 -1 -1 -1 -1 -1 -1 -1 -1 -1 -1 -1 -1 -1 -1 -1 -1 -1 -1 -1 6 -1 -1 6 -1 -1 6 -1 -1 -1 -1 -1 6 -1 -1 6 -1 -1 6 -1 -1 6 -1 -1 6 -1 14 3 -1 -1 -1 -1 -1 6 -1 -1 -1 -1 -1 -1 -1 -1 -1 -1 -1 -1 -1 -1 -1 -1 -1 -1 -1 -1 -1 -1 -1 6 -1 -1 1 0 
-1 -1 -1 -1 -1 -1 -1 1 0 7 -1 -1 -1 -1 -1 -1 -1 -1 -1 -1 -1 -1 -1 -1 -1 -1 -1 -1 -1 -1 -1 -1 -1 -1 -1 -1 -1 5 3 -1 -1 1 7 -1 -1 -1 5 3 -1 -1 6 -1 -1 6 -1 -1 6 -1 -1 6 -1 -1 6 -1 -1 -1 -1 -1 -1 -1 -1 -1 -1 -1 -1 -1 -1 -1 -1 -1 -1 -1 -1 -1 -1 -1 -1 -1 -1 -1 -1 -1 -1 -1 -1 -1 -1 5 0 12 -1 6 -1 -1 6 -1 -1 -1 -1 -1 6 -1 -1 6 -1 -1 6 -1 -1 6 -1 -1 6 -1 -1 6 -1 -1 -1 -1 -1 6 -1 -1 -1 -1 -1 -1 -1 -1 -1 -1 -1 -1 -1 -1 -1 -1 -1 -1 -1 -1 -1 -1 5 0 12 -1 1 0 
-1 -1 -1 -1 -1 -1 -1 1 0 4 8 7 -1 -1 14 8 8 8 8 8 8 8 8 8 8 8 8 8 8 2 8 8 12 -1 -1 5 8 4 9 -1 -1 1 4 8 8 8 4 3 -1 -1 1 12 -1 1 12 -1 6 -1 -1 6 -1 -1 6 -1 -1 5 8 8 8 8 8 8 8 8 8 8 8 8 8 8 8 8 8 8 8 8 8 8 8 8 8 8 8 8 8 8 8 4 3 -1 -1 6 -1 -1 6 -1 -1 11 -1 -1 6 -1 -1 6 -1 -1 6 -1 -1 6 -1 -1 10 12 -1 6 -1 -1 5 8 8 9 -1 -1 5 8 8 8 8 8 8 8 8 8 8 8 12 -1 -1 5 8 8 8 8 4 3 -1 -1 1 0 
-1 -1 -1 -1 -1 -1 -1 1 3 -1 -1 6 -1 -1 -1 -1 -1 -1 -1 -1 -1 -1 -1 -1 -1 -1 -1 -1 -1 6 -1 -1 -1 -1 -1 6 -1 -1 -1 -1 -1 6 -1 -1 -1 -1 -1 6 -1 -1 6 -1 -1 6 -1 -1 6 -1 -1 6 -1 -1 6 -1 -1 6 -1 -1 -1 -1 -1 -1 -1 -1 -1 -1 -1 -1 -1 -1 -1 -1 -1 -1 -1 -1 -1 -1 -1 -1 -1 -1 -1 -1 -1 -1 -1 -1 6 -1 14 3 -1 -1 6 -1 -1 6 -1 -1 6 -1 -1 6 -1 -1 6 -1 -1 6 -1 -1 -1 -1 -1 6 -1 -1 6 -1 -1 -1 -1 -1 6 -1 -1 -1 -1 -1 -1 -1 -1 -1 -1 -1 -1 -1 -1 6 -1 -1 -1 -1 -1 6 -1 14 0 0 
-1 -1 -1 -1 -1 -1 -1 1 3 -1 -1 1 7 -1 -1 -1 -1 -1 -1 -1 -1 -1 -1 -1 -1 -1 -1 -1 -1 6 -1 -1 -1 -1 5 3 -1 -1 -1 -1 5 3 -1 -1 -1 -1 -1 6 -1 -1 1 12 -1 6 -1 14 3 -1 -1 6 -1 -1 6 -1 14 3 -1 -1 -1 -1 -1 -1 -1 -1 -1 -1 -1 -1 -1 -1 -1 -1 -1 -1 -1 -1 -1 -1 -1 -1 -1 -1 -1 -1 -1 -1 -1 -1 6 -1 -1 6 -1 -1 6 -1 -1 6 -1 -1 6 -1 -1 6 -1 -1 6 -1 -1 6 -1 -1 -1 -1 14 3 -1 -1 6 -1 -1 -1 -1 5 3 -1 -1 -1 -1 -1 -1 -1 -1 -1 -1 -1 -1 -1 5 3 -1 -1 -1 -1 -1 6 -1 -1 1 0 
-1 -1 -1 -1 -1 -1 -1 1 3 -1 -1 10 4 8 8 8 8 8 8 8 8 8 8 8 8 8 12 -1 -1 6 -1 -1 14 8 4 3 -1 -1 5 8 4 3 -1 -1 11 -1 -1 6 -1 -1 6 -1 -1 6 -1 -1 10 8 8 3 -1 -1 6 -1 -1 10 8 8 8 8 8 8 8 8 8 8 8 8 8 8 8 8 8 8 8 8 8 8 8 8 8 8 8 8 8 12 -1 -1 1 12 -1 6 -1 -1 6 -1 -1 6 -1 -1 6 -1 -1 6 -1 -1 6 -1 -1 1 8 8 12 -1 -1 6 -1 -1 13 -1 -1 5 8 4 3 -1 -1 14 8 8 8 8 8 8 8 8 8 8 4 3 -1 -1 14 8 8 4 12 -1 1 0 
-1 -1 -1 -1 -1 -1 -1 1 0 12 -1 -1 -1 -1 -1 -1 -1 -1 -1 -1 -1 -1 -1 -1 -1 -1 -1 -1 -1 6 -1 -1 -1 -1 -1 6 -1 -1 6 -1 -1 6 -1 14 0 12 -1 6 -1 -1 6 -1 14 0 12 -1 -1 -1 -1 6 -1 -1 6 -1 -1 -1 -1 -1 -1 -1 -1 -1 -1 -1 -1 -1 -1 -1 -1 -1 -1 -1 -1 -1 -1 -1 -1 -1 -1 -1 -1 -1 -1 -1 -1 -1 -1 -1 6 -1 -1 6 -1 -1 6 -1 -1 6 -1 -1 6 -1 -1 6 -1 -1 6 -1 -1 6 -1 -1 -1 -1 -1 6 -1 -1 -1 -1 -1 6 -1 -1 6 -1 -1 -1 -1 -1 -1 -1 -1 -1 -1 -1 -1 -1 -1 6 -1 -1 -1 -1 -1 -1 -1 -1 1 0 
-1 -1 -1 -1 -1 -1 -1 1 3 -1 -1 -1 -1 -1 -1 -1 -1 -1 -1 -1 -1 -1 -1 -1 -1 -1 -1 -1 5 0 7 -1 -1 -1 -1 1 12 -1 6 -1 -1 6 -1 -1 6 -1 -1 6 -1 -1 6 -1 -1 6 -1 -1 -1 -1 -1 6 -1 -1 1 12 -1 -1 -1 -1 -1 -1 -1 -1 -1 -1 -1 -1 -1 -1 -1 -1 -1 -1 -1 -1 -1 -1 -1 -1 -1 -1 -1 -1 -1 -1 -1 -1 -1 5 3 -1 14 3 -1 -1 6 -1 -1 6 -1 -1 6 -1 -1 6 -1 -1 6 -1 -1 6 -1 -1 -1 -1 5 3 -1 -1 -1 -1 5 3 -1 -1 1 7 -1 -1 -1 -1 -1 -1 -1 -1 -1 -1 -1 -1 -1 6 -1 -1 -1 -1 -1 -1 -1 5 0 0 
-1 -1 -1 -1 -1 -1 -1 1 3 -1 -1 14 8 8 8 8 8 8 8 8 8 8 8 8 8 8 8 8 4 4 4 8 8 8 8 3 -1 -1 6 -1 14 4 12 -1 6 -1 14 9 -1 -1 10 12 -1 6 -1 -1 11 -1 -1 6 -1 -1 6 -1 -1 14 8 8 2 8 8 8 8 8 8 8 8 8 8 8 8 8 8 8 8 8 2 8 8 8 8 8 8 8 8 8 8 4 3 -1 -1 6 -1 -1 13 -1 -1 6 -1 -1 6 -1 -1 13 -1 -1 6 -1 -1 6 -1 -1 14 8 4 0 8 8 8 8 4 9 -1 -1 10 4 8 8 8 8 8 8 8 8 8 8 8 8 8 9 -1 -1 5 8 8 8 8 4 0 0 
-1 -1 -1 -1 -1 -1 -1 1 3 -1 -1 -1 -1 -1 -1 -1 -1 -1 -1 -1 -1 -1 -1 -1 -1 -1 -1 -1 -1 -1 -1 -1 -1 -1 -1 1 12 -1 6 -1 -1 -1 -1 -1 6 -1 -1 -1 -1 -1 -1 -1 -1 6 -1 -1 6 -1 14 3 -1 -1 6 -1 -1 -1 -1 -1 6 -1 -1 -1 -1 -1 -1 -1 -1 -1 -1 -1 -1 -1 -1 -1 -1 -1 6 -1 -1 -1 -1 -1 -1 -1 -1 -1 -1 -1 1 12 -1 6 -1 -1 -1 -1 -1 6 -1 -1 6 -1 -1 -1 -1 -1 6 -1 -1 1 12 -1 -1 -1 -1 6 -1 -1 -1 -1 -1 -1 -1 -1 -1 -1 -1 -1 -1 -1 -1 -1 -1 -1 -1 -1 -1 -1 -1 -1 -1 -1 6 -1 -1 -1 -1 -1 1 0 
-1 -1 -1 -1 -1 -1 -1 1 0 7 -1 -1 -1 -1 -1 -1 -1 -1 -1 -1 -1 -1 -1 -1 -1 -1 -1 -1 -1 -1 -1 -1 -1 -1 -1 6 -1 -1 1 7 -1 -1 -1 5 0 7 -1 -1 -1 -1 -1 -1 5 0 7 -1 6 -1 -1 6 -1 -1 1 7 -1 -1 -1 -1 6 -1 -1 -1 -1 -1 -1 -1 -1 -1 -1 -1 -1 -1 -1 -1 -1 -1 6 -1 -1 -1 -1 -1 -1 -1 -1 -1 -1 -1 6 -1 -1 6 -1 -1 -1 -1 -1 6 -1 -1 6 -1 -1 -1 -1 -1 6 -1 -1 6 -1 -1 -1 -1 -1 6 -1 -1 -1 -1 -1 -1 -1 -1 -1 -1 -1 -1 -1 -1 -1 -1 -1 -1 -1 -1 -1 -1 -1 -1 -1 5 3 -1 -1 -1 -1 -1 1 0 
-1 -1 -1 -1 -1 -1 -1 1 0 4 8 2 8 8 8 8 8 2 8 8 8 8 8 7 -1 -1 5 8 8 8 8 8 7 -1 -1 6 -1 14 4 4 8 8 8 4 0 4 8 8 8 8 8 8 4 4 4 8 9 -1 14 4 8 8 4 4 8 12 -1 -1 6 -1 -1 5 8 8 8 8 8 2 8 8 8 8 8 7 -1 -1 6 -1 -1 5 8 8 8 8 8 12 -1 -1 6 -1 14 9 -1 -1 14 8 8 4 8 8 4 8 8 8 8 8 3 -1 -1 13 -1 -1 11 -1 -1 6 -1 -1 5 8 8 8 8 8 2 8 8 8 8 8 2 8 8 8 8 8 8 8 8 2 8 4 9 -1 -1 11 -1 -1 1 0 
-1 -1 -1 -1 -1 -1 -1 1 3 -1 -1 6 -1 -1 -1 -1 -1 6 -1 -1 -1 -1 -1 1 12 -1 6 -1 -1 -1 -1 -1 6 -1 -1 6 -1 -1 -1 -1 -1 -1 -1 -1 6 -1 -1 -1 -1 -1 -1 -1 -1 -1 -1 -1 -1 -1 -1 -1 -1 -1 -1 -1 -1 -1 -1 -1 6 -1 -1 6 -1 -1 -1 -1 -1 6 -1 -1 -1 -1 -1 6 -1 -1 6 -1 -1 6 -1 -1 -1 -1 -1 -1 -1 -1 6 -1 -1 -1 -1 -1 -1 -1 -1 -1 -1 -1 -1 -1 -1 -1 -1 -1 6 -1 -1 -1 -1 -1 6 -1 -1 6 -1 14 3 -1 -1 -1 -1 -1 6 -1 -1 -1 -1 -1 6 -1 -1 -1 -1 -1 -1 -1 -1 6 -1 -1 -1 -1 -1 6 -1 -1 1 0 
-1 -1 -1 -1 -1 -1 -1 1 3 -1 -1 6 -1 -1 -1 -1 -1 6 -1 -1 -1 -1 -1 6 -1 -1 6 -1 -1 -1 -1 -1 1 12 -1 1 7 -1 -1 -1 -1 -1 -1 -1 6 -1 -1 -1 -1 -1 -1 -1 -1 -1 -1 -1 -1 5 7 -1 -1 -1 -1 -1 -1 -1 -1 5 3 -1 -1 6 -1 -1 -1 -1 -1 6 -1 -1 -1 -1 -1 6 -1 -1 1 12 -1 6 -1 -1 -1 -1 -1 -1 -1 5 0 7 -1 -1 -1 -1 -1 -1 -1 -1 -1 -1 -1 -1 -1 -1 -1 -1 6 -1 -1 -1 -1 5 0 7 -1 6 -1 -1 6 -1 -1 -1 -1 -1 6 -1 -1 -1 -1 -1 6 -1 -1 -1 -1 -1 -1 -1 -1 6 -1 -1 -1 -1 -1 6 -1 -1 1 0 
-1 -1 -1 -1 -1 -1 -1 1 3 -1 -1 6 -1 -1 11 -1 -1 13 -1 -1 11 -1 -1 6 -1 14 4 8 8 7 -1 -1 6 -1 -1 1 4 8 8 8 8 12 -1 -1 13 -1 -1 11 -1 -1 14 8 8 8 8 8 8 4 4 2 8 8 8 8 8 8 8 4 3 -1 -1 6 -1 -1 11 -1 -1 6 -1 -1 11 -1 -1 6 -1 -1 6 -1 -1 6 -1 -1 11 -1 -1 5 8 4 4 4 8 8 8 8 8 8 8 8 8 8 8 8 8 7 -1 -1 10 8 8 8 8 4 4 4 8 4 12 -1 6 -1 -1 14 8 8 3 -1 -1 11 -1 -1 6 -1 -1 5 8 8 8 8 8 3 -1 -1 5 8 8 4 8 8 0 0 
-1 -1 -1 -1 -1 -1 -1 1 3 -1 -1 1 12 -1 6 -1 -1 -1 -1 -1 1 12 -1 6 -1 -1 -1 -1 -1 6 -1 -1 6 -1 14 3 -1 -1 -1 -1 -1 -1 -1 -1 -1 -1 -1 6 -1 -1 -1 -1 -1 -1 -1 -1 -1 -1 -1 6 -1 -1 -1 -1 -1 -1 -1 -1 6 -1 -1 6 -1 -1 6 -1 -1 6 -1 -1 6 -1 -1 6 -1 -1 6 -1 14 3 -1 -1 6 -1 -1 6 -1 -1 -1 -1 -1 -1 -1 -1 -1 -1 -1 -1 -1 -1 -1 -1 -1 6 -1 -1 -1 -1 -1 -1 -1 -1 -1 -1 -1 -1 -1 -1 1 12 -1 -1 -1 -1 6 -1 -1 6 -1 -1 6 -1 -1 6 -1 -1 -1 -1 -1 6 -1 -1 6 -1 -1 -1 -1 -1 1 0 
-1 -1 -1 -1 -1 -1 -1 1 3 -1 -1 6 -1 -1 1 7 -1 -1 -1 5 3 -1 -1 1 7 -1 -1 -1 -1 6 -1 -1 6 -1 -1 6 -1 -1 -1 -1 -1 -1 -1 -1 -1 -1 5 0 7 -1 -1 -1 -1 -1 -1 -1 -1 -1 -1 6 -1 -1 -1 -1 -1 -1 -1 -1 6 -1 -1 6 -1 -1 6 -1 -1 6 -1 -1 6 -1 -1 6 -1 -1 6 -1 -1 6 -1 5 3 -1 14 3 -1 -1 -1 -1 -1 -1 -1 -1 -1 -1 -1 -1 -1 -1 -1 -1 -1 1 7 -1 -1 -1 -1 -1 -1 -1 -1 -1 -1 -1 -1 5 3 -1 -1 -1 -1 -1 6 -1 -1 6 -1 -1 6 -1 -1 6 -1 -1 -1 -1 -1 6 -1 -1 6 -1 -1 -1 -1 -1 1 0 
-1 -1 -1 -1 -1 -1 -1 1 3 -1 -1 6 -1 14 0 4 8 8 8 4 3 -1 14 4 4 8 7 -1 -1 6 -1 -1 1 12 -1 6 -1 -1 14 8 8 8 8 8 8 8 4 4 4 8 8 8 8 8 8 8 8 8 8 9 -1 -1 14 8 8 7 -1 -1 6 -1 -1 10 8 8 3 -1 -1 13 -1 -1 6 -1 -1 6 -1 -1 1 12 -1 1 8 4 9 -1 -1 6 -1 -1 14 8 8 8 8 8 8 8 8 8 8 8 7 -1 -1 10 4 8 8 8 8 8 8 8 8 8 8 8 8 4 3 -1 -1 11 -1 -1 6 -1 -1 6 -1 -1 6 -1 -1 6 -1 -1 11 -1 -1 6 -1 -1 6 -1 -1 11 -1 -1 1 0 
-1 -1 -1 -1 -1 -1 -1 1 3 -1 -1 6 -1 -1 6 -1 -1 -1 -1 -1 6 -1 -1 -1 -1 -1 6 -1 14 3 -1 -1 6 -1 -1 6 -1 -1 -1 -1 -1 -1 -1 -1 -1 -1 -1 -1 -1 -1 -1 -1 -1 -1 -1 -1 -1 -1 -1 -1 -1 -1 -1 -1 -1 1 12 -1 6 -1 -1 -1 -1 -1 6 -1 -1 -1 -1 -1 6 -1 -1 6 -1 -1 6 -1 -1 6 -1 -1 -1 -1 14 3 -1 -1 -1 -1 -1 -1 -1 -1 -1 -1 -1 -1 -1 -1 6 -1 -1 -1 -1 -1 -1 -1 -1 -1 -1 -1 -1 -1 -1 -1 -1 -1 1 12 -1 6 -1 -1 6 -1 -1 6 -1 -1 6 -1 -1 6 -1 -1 6 -1 -1 6 -1 -1 6 -1 -1 6 -1 -1 1 0 
-1 -1 -1 -1 -1 -1 -1 1 3 -1 -1 6 -1 14 3 -1 -1 -1 -1 -1 1 7 -1 -1 -1 -1 6 -1 -1 6 -1 -1 1 12 -1 1 7 -1 -1 -1 -1 -1 -1 -1 -1 -1 -1 -1 -1 -1 -1 -1 -1 -1 -1 -1 -1 -1 -1 -1 5 7 -1 -1 -1 6 -1 -1 6 -1 -1 -1 -1 -1 6 -1 -1 -1 -1 -1 6 -1 -1 6 -1 -1 6 -1 14 3 -1 -1 -1 -1 -1 1 7 -1 -1 -1 -1 -1 -1 -1 -1 -1 -1 -1 -1 -1 1 7 -1 -1 -1 -1 -1 -1 -1 -1 -1 -1 -1 -1 -1 -1 -1 -1 6 -1 -1 6 -1 14 3 -1 -1 6 -1 -1 6 -1 -1 6 -1 -1 6 -1 -1 6 -1 -1 6 -1 -1 6 -1 -1 1 0 
-1 -1 -1 -1 -1 -1 -1 1 3 -1 -1 6 -1 -1 6 -1 -1 11 -1 -1 10 4 8 7 -1 -1 6 -1 14 3 -1 -1 6 -1 -1 1 4 8 8 8 8 8 8 8 8 8 8 8 8 8 8 8 8 8 8 8 8 8 8 2 4 4 12 -1 -1 6 -1 14 4 8 8 7 -1 -1 1 8 8 8 8 8 3 -1 -1 6 -1 -1 6 -1 -1 6 -1 -1 11 -1 -1 10 4 8 2 8 8 2 8 8 8 8 8 12 -1 -1 1 4 8 8 8 8 8 8 8 8 8 8 8 8 8 8 8 8 0 12 -1 6 -1 -1 6 -1 -1 6 -1 -1 6 -1 -1 13 -1 -1 6 -1 -1 13 -1 -1 6 -1 -1 6 -1 -1 1 0 
-1 -1 -1 -1 -1 -1 -1 1 3 -1 -1 6 -1 14 3 -1 -1 6 -1 -1 -1 -1 -1 6 -1 14 3 -1 -1 6 -1 -1 1 12 -1 6 -1 -1 -1 -1 -1 -1 -1 -1 -1 -1 -1 -1 -1 -1 -1 -1 -1 -1 -1 -1 -1 -1 -1 6 -1 -1 -1 -1 -1 6 -1 -1 -1 -1 -1 6 -1 -1 6 -1 -1 -1 -1 -1 6 -1 -1 6 -1 -1 1 12 -1 6 -1 -1 1 12 -1 -1 -1 -1 6 -1 -1 6 -1 -1 -1 -1 -1 -1 -1 -1 6 -1 -1 -1 -1 -1 -1 -1 -1 -1 -1 -1 -1 -1 -1 -1 -1 -1 6 -1 -1 1 12 -1 6 -1 -1 6 -1 -1 6 -1 -1 -1 -1 -1 6 -1 -1 -1 -1 -1 6 -1 -1 6 -1 -1 1 0 
-1 -1 -1 -1 -1 -1 -1 1 3 -1 -1 6 -1 -1 6 -1 -1 6 -1 -1 -1 -1 -1 6 -1 -1 6 -1 14 3 -1 -1 6 -1 -1 6 -1 -1 -1 -1 -1 -1 -1 -1 -1 -1 -1 -1 -1 -1 -1 -1 -1 -1 -1 -1 -1 -1 -1 6 -1 -1 -1 -1 5 0 7 -1 -1 -1 -1 6 -1 -1 6 -1 -1 -1 -1 -1 6 -1 -1 6 -1 -1 6 -1 -1 6 -1 5 3 -1 -1 -1 -1 -1 6 -1 -1 6 -1 -1 -1 -1 -1 -1 -1 5 3 -1 -1 -1 -1 -1 -1 -1 -1 -1 -1 -1 -1 -1 -1 -1 -1 -1 6 -1 14 3 -1 -1 6 -1 -1 6 -1 -1 6 -1 -1 -1 -1 -1 6 -1 -1 -1 -1 -1 6 -1 -1 6 -1 -1 1 0 
-1 -1 -1 -1 -1 -1 -1 1 3 -1 -1 6 -1 14 3 -1 -1 1 8 8 7 -1 -1 1 12 -1 6 -1 -1 6 -1 -1 6 -1 14 9 -1 -1 5 8 8 8 8 8 8 8 8 2 8 8 8 8 8 2 8 8 12 -1 -1 13 -1 -1 5 8 4 4 4 8 7 -1 -1 6 -1 -1 6 -1 -1 11 -1 -1 6 -1 -1 6 -1 -1 6 -1 14 0 8 4 9 -1 -1 11 -1 -1 13 -1 -1 13 -1 -1 5 8 8 8 8 4 9 -1 -1 5 8 8 8 8 8 8 8 8 2 8 8 7 -1 -1 6 -1 -1 1 12 -1 6 -1 -1 6 -1 -1 6 -1 -1 -1 -1 -1 10 8 8 12 -1 -1 6 -1 -1 6 -1 -1 1 0 
-1 -1 -1 -1 -1 -1 -1 1 3 -1 -1 6 -1 -1 6 -1 -1 6 -1 -1 6 -1 -1 6 -1 -1 6 -1 14 3 -1 -1 6 -1 -1 -1 -1 -1 6 -1 -1 -1 -1 -1 -1 -1 -1 6 -1 -1 -1 -1 -1 6 -1 -1 -1 -1 -1 -1 -1 -1 6 -1 -1 -1 -1 -1 6 -1 -1 6 -1 -1 6 -1 -1 6 -1 -1 6 -1 -1 6 -1 -1 6 -1 -1 6 -1 -1 -1 -1 -1 6 -1 -1 -1 -1 -1 -1 -1 -1 6 -1 -1 -1 -1 -1 -1 -1 -1 6 -1 -1 -1 -1 -1 -1 -1 -1 6 -1 -1 6 -1 14 0 12 -1 6 -1 -1 6 -1 -1 6 -1 -1 6 -1 -1 -1 -1 -1 -1 -1 -1 -1 -1 -1 6 -1 -1 6 -1 -1 1 0 
-1 -1 -1 -1 -1 -1 -1 1 3 -1 -1 6 -1 14 3 -1 -1 6 -1 -1 6 -1 -1 6 -1 14 3 -1 -1 6 -1 -1 1 12 -1 -1 -1 5 3 -1 -1 -1 -1 -1 -1 -1 -1 6 -1 -1 -1 -1 -1 6 -1 -1 -1 5 7 -1 -1 5 3 -1 -1 -1 -1 -1 6 -1 14 3 -1 -1 6 -1 -1 6 -1 -1 6 -1 -1 6 -1 -1 1 12 -1 6 -1 -1 -1 -1 5 0 7 -1 -1 -1 -1 -1 -1 5 3 -1 -1 -1 -1 -1 -1 -1 5 3 -1 -1 -1 -1 -1 -1 -1 -1 6 -1 -1 6 -1 -1 6 -1 -1 1 12 -1 6 -1 -1 6 -1 -1 6 -1 -1 -1 -1 -1 -1 -1 -1 -1 -1 -1 6 -1 -1 6 -1 -1 1 0 
-1 -1 -1 -1 -1 -1 -1 1 3 -1 -1 6 -1 -1 6 -1 -1 6 -1 -1 6 -1 -1 6 -1 -1 6 -1 14 4 12 -1 6 -1 -1 5 8 4 4 8 8 8 8 8 12 -1 -1 6 -1 -1 14 8 8 9 -1 -1 14 4 4 2 8 4 9 -1 -1 11 -1 -1 6 -1 -1 6 -1 -1 6 -1 -1 6 -1 -1 6 -1 -1 6 -1 -1 13 -1 -1 6 -1 -1 5 8 4 4 4 8 8 8 8 8 8 4 9 -1 -1 5 8 8 8 8 4 9 -1 -1 5 8 8 12 -1 -1 6 -1 -1 10 12 -1 6 -1 14 3 -1 -1 6 -1 -1 6 -1 -1 1 8 8 8 8 8 8 8 8 8 8 8 4 8 8 4 8 8 0 0 
-1 -1 -1 -1 -1 -1 -1 1 3 -1 -1 6 -1 14 3 -1 -1 6 -1 -1 6 -1 -1 1 12 -1 6 -1 -1 -1 -1 -1 6 -1 14 3 -1 -1 -1 -1 -1 -1 -1 -1 -1 -1 -1 6 -1 -1 -1 -1 -1 -1 -1 -1 -1 -1 -1 6 -1 -1 -1 -1 -1 6 -1 -1 1 12 -1 6 -1 -1 6 -1 -1 6 -1 -1 6 -1 -1 6 -1 -1 -1 -1 14 3 -1 14 3 -1 -1 -1 -1 -1 -1 -1 -1 -1 -1 -1 -1 -1 14 3 -1 -1 -1 -1 -1 -1 -1 -1 6 -1 -1 -1 -1 -1 6 -1 -1 -1 -1 -1 6 -1 -1 1 12 -1 6 -1 -1 6 -1 -1 6 -1 -1 -1 -1 -1 -1 -1 -1 -1 -1 -1 -1 -1 -1 -1 -1 -1 1 0 
-1 -1 -1 -1 -1 -1 -1 1 3 -1 14 3 -1 -1 6 -1 -1 6 -1 -1 6 -1 -1 6 -1 -1 1 7 -1 -1 -1 5 3 -1 -1 6 -1 -1 -1 -1 -1 -1 -1 -1 -1 -1 5 0 7 -1 -1 -1 -1 -1 5 7 -1 -1 -1 6 -1 -1 -1 -1 5 3 -1 14 3 -1 -1 6 -1 -1 6 -1 -1 6 -1 -1 6 -1 -1 6 -1 -1 -1 -1 -1 6 -1 -1 6 -1 -1 -1 -1 -1 -1 -1 -1 -1 -1 -1 -1 -1 -1 6 -1 -1 -1 -1 -1 -1 -1 5 3 -1 -1 -1 -1 5 3 -1 -1 -1 -1 14 0 12 -1 6 -1 -1 6 -1 -1 6 -1 -1 6 -1 -1 -1 -1 -1 -1 -1 -1 -1 -1 -1 -1 -1 -1 -1 -1 -1 1 0 
-1 -1 -1 -1 -1 -1 -1 1 3 -1 -1 10 12 -1 6 -1 -1 6 -1 -1 6 -1 -1 6 -1 14 4 4 8 8 8 4 0 12 -1 6 -1 -1 14 8 8 2 8 8 8 8 4 4 4 8 8 8 8 8 4 4 12 -1 -1 6 -1 -1 14 8 4 3 -1 -1 6 -1 14 3 -1 -1 6 -1 -1 6 -1 -1 6 -1 -1 1 8 8 12 -1 -1 1 12 -1 6 -1 -1 5 8 8 8 8 8 8 8 8 7 -1 -1 6 -1 -1 14 8 8 8 8 4 3 -1 -1 14 8 4 4 8 8 7 -1 -1 6 -1 -1 1 12 -1 6 -1 -1 6 -1 -1 6 -1 -1 -1 -1 -1 -1 -1 -1 -1 -1 -1 -1 -1 -1 -1 -1 -1 1 0 
-1 -1 -1 -1 -1 -1 -1 1 0 12 -1 -1 -1 -1 6 -1 -1 6 -1 -1 6 -1 -1 6 -1 -1 -1 -1 -1 -1 -1 -1 6 -1 -1 6 -1 -1 -1 -1 -1 6 -1 -1 -1 -1 -1 -1 -1 -1 -1 -1 -1 -1 -1 -1 -1 -1 -1 6 -1 -1 -1 -1 -1 1 12 -1 6 -1 -1 6 -1 -1 6 -1 -1 6 -1 -1 6 -1 -1 6 -1 -1 -1 -1 14 3 -1 -1 6 -1 -1 6 -1 -1 -1 -1 -1 -1 -1 -1 1 8 2 3 -1 -1 -1 -1 -1 -1 -1 -1 6 -1 -1 -1 -1 -1 -1 -1 -1 1 12 -1 6 -1 14 3 -1 -1 6 -1 -1 6 -1 -1 6 -1 -1 -1 -1 -1 -1 -1 -1 -1 -1 -1 -1 -1 -1 -1 -1 -1 1 0 
-1 -1 -1 -1 -1 -1 -1 1 3 -1 -1 -1 -1 5 3 -1 -1 6 -1 -1 6 -1 -1 1 7 -1 -1 -1 -1 -1 -1 -1 1 12 -1 1 7 -1 -1 -1 -1 6 -1 -1 -1 -1 -1 -1 -1 -1 -1 -1 -1 -1 -1 -1 -1 -1 5 0 7 -1 -1 -1 -1 6 -1 -1 1 12 -1 6 -1 -1 6 -1 -1 6 -1 -1 6 -1 -1 6 -1 -1 -1 -1 -1 1 12 -1 1 12 -1 6 -1 -1 -1 -1 -1 -1 -1 -1 6 -1 1 0 7 -1 -1 -1 -1 -1 -1 -1 1 7 -1 -1 -1 -1 -1 -1 -1 6 -1 -1 6 -1 -1 6 -1 14 3 -1 -1 6 -1 -1 6 -1 -1 -1 -1 -1 -1 -1 -1 -1 -1 -1 -1 -1 -1 -1 -1 -1 1 0 
-1 -1 -1 -1 -1 -1 -1 1 3 -1 -1 5 8 4 9 -1 -1 6 -1 -1 6 -1 -1 1 4 8 8 8 8 7 -1 -1 6 -1 -1 1 4 8 12 -1 -1 10 8 8 8 8 8 8 8 8 8 8 8 8 8 8 8 8 4 4 4 8 12 -1 -1 6 -1 14 3 -1 -1 6 -1 -1 6 -1 -1 6 -1 -1 6 -1 -1 6 -1 -1 11 -1 14 3 -1 -1 6 -1 -1 6 -1 -1 5 8 8 12 -1 -1 6 -1 10 4 4 8 8 8 8 7 -1 -1 10 4 8 8 8 8 7 -1 -1 6 -1 14 4 12 -1 6 -1 -1 6 -1 -1 6 -1 -1 6 -1 -1 -1 -1 -1 -1 -1 -1 -1 -1 -1 -1 -1 -1 -1 -1 -1 1 0 
-1 -1 -1 -1 -1 -1 -1 1 0 12 -1 6 -1 -1 -1 -1 -1 6 -1 -1 6 -1 -1 6 -1 -1 -1 -1 -1 6 -1 -1 1 12 -1 6 -1 -1 -1 -1 -1 -1 -1 -1 -1 -1 -1 -1 -1 -1 -1 -1 -1 -1 -1 -1 -1 -1 -1 -1 -1 -1 -1 -1 -1 6 -1 -1 6 -1 14 3 -1 -1 6 -1 -1 6 -1 -1 6 -1 -1 6 -1 14 3 -1 -1 1 12 -1 1 12 -1 6 -1 14 3 -1 -1 -1 -1 -1 6 -1 -1 -1 -1 -1 -1 -1 -1 6 -1 -1 -1 -1 -1 -1 -1 -1 6 -1 -1 6 -1 -1 -1 -1 -1 1 12 -1 6 -1 -1 6 -1 -1 6 -1 -1 -1 -1 -1 -1 -1 -1 -1 -1 -1 -1 -1 -1 -1 -1 -1 1 0 
-1 -1 -1 -1 -1 -1 -1 1 3 -1 -1 6 -1 -1 -1 -1 -1 6 -1 -1 6 -1 -1 6 -1 -1 -1 -1 -1 1 12 -1 6 -1 -1 6 -1 -1 -1 5 7 -1 -1 -1 -1 -1 -1 -1 -1 -1 -1 -1 -1 -1 -1 -1 -1 -1 -1 -1 -1 -1 -1 -1 5 0 12 -1 6 -1 -1 6 -1 -1 6 -1 -1 6 -1 -1 6 -1 -1 6 -1 -1 1 12 -1 6 -1 -1 6 -1 -1 6 -1 -1 6 -1 -1 -1 -1 5 0 7 -1 -1 -1 -1 -1 -1 -1 1 7 -1 -1 -1 -1 -1 -1 -1 1 12 -1 1 7 -1 -1 -1 5 3 -1 -1 6 -1 -1 6 -1 -1 6 -1 -1 -1 -1 -1 -1 -1 -1 -1 -1 -1 -1 -1 -1 -1 -1 -1 1 0 
-1 -1 -1 -1 -1 -1 -1 1 0 12 -1 6 -1 -1 11 -1 -1 6 -1 -1 6 -1 -1 6 -1 -1 11 -1 -1 6 -1 -1 1 12 -1 6 -1 -1 14 4 4 8 8 8 8 8 8 8 8 8 8 8 8 8 8 8 8 8 8 8 8 8 8 8 4 3 -1 -1 1 12 -1 6 -1 -1 6 -1 -1 6 -1 -1 6 -1 -1 1 12 -1 6 -1 -1 6 -1 14 4 12 -1 1 12 -1 6 -1 -1 14 8 4 4 4 8 8 8 8 8 8 8 4 4 8 8 8 8 8 8 8 9 -1 -1 1 4 8 8 8 4 0 12 -1 6 -1 -1 6 -1 -1 6 -1 -1 -1 -1 -1 -1 -1 -1 -1 -1 -1 -1 -1 -1 -1 -1 -1 1 0 
-1 -1 -1 -1 -1 -1 -1 1 3 -1 -1 6 -1 -1 6 -1 -1 6 -1 -1 6 -1 -1 6 -1 14 0 12 -1 6 -1 14 3 -1 -1 6 -1 -1 -1 -1 -1 -1 -1 -1 -1 -1 -1 -1 -1 -1 -1 -1 -1 -1 -1 -1 -1 -1 -1 -1 -1 -1 -1 -1 -1 6 -1 14 3 -1 -1 6 -1 -1 6 -1 -1 6 -1 -1 6 -1 -1 6 -1 -1 6 -1 14 3 -1 -1 -1 -1 -1 6 -1 -1 6 -1 -1 -1 -1 -1 -1 -1 -1 -1 -1 -1 -1 -1 -1 -1 -1 -1 -1 -1 -1 -1 -1 -1 -1 -1 14 3 -1 -1 -1 -1 -1 6 -1 -1 6 -1 -1 6 -1 -1 6 -1 -1 -1 -1 -1 -1 -1 -1 -1 -1 -1 -1 -1 -1 -1 -1 -1 1 0 
-1 -1 -1 -1 -1 -1 -1 1 0 12 -1 6 -1 -1 6 -1 -1 6 -1 -1 6 -1 -1 6 -1 -1 6 -1 -1 6 -1 -1 6 -1 14 0 7 -1 -1 -1 -1 -1 -1 -1 -1 -1 -1 -1 -1 -1 -1 -1 -1 -1 -1 -1 -1 -1 -1 -1 -1 -1 -1 -1 -1 6 -1 -1 6 -1 14 3 -1 -1 6 -1 -1 6 -1 -1 6 -1 -1 6 -1 5 3 -1 -1 1 7 -1 -1 -1 14 3 -1 5 0 7 -1 -1 -1 -1 -1 -1 -1 -1 -1 -1 -1 -1 -1 -1 -1 -1 -1 -1 -1 -1 -1 -1 -1 -1 -1 6 -1 -1 -1 -1 -1 1 12 -1 6 -1 -1 6 -1 -1 6 -1 -1 -1 -1 15 -1 -1 -1 15 -1 -1 -1 11 -1 -1 -1 -1 1 0 
-1 -1 -1 -1 -1 -1 -1 1 3 -1 -1 6 -1 -1 6 -1 -1 13 -1 -1 6 -1 -1 10 12 -1 6 -1 14 4 12 -1 6 -1 -1 1 4 8 8 8 8 8 8 8 8 8 8 2 8 8 8 8 8 8 8 8 8 8 8 8 8 8 8 8 8 4 12 -1 6 -1 -1 6 -1 -1 13 -1 -1 6 -1 -1 13 -1 -1 1 8 4 4 12 -1 1 4 8 12 -1 -1 1 8 4 4 4 8 2 8 8 8 8 8 8 8 8 8 8 8 8 8 8 8 8 8 8 8 8 12 -1 -1 6 -1 -1 11 -1 -1 6 -1 -1 6 -1 -1 6 -1 -1 6 -1 -1 -1 -1 -1 -1 -1 -1 -1 -1 -1 -1 10 12 -1 -1 -1 1 0 
-1 -1 -1 -1 -1 -1 -1 1 0 12 -1 6 -1 -1 6 -1 -1 -1 -1 -1 6 -1 -1 -1 -1 -1 6 -1 -1 -1 -1 -1 1 12 -1 6 -1 -1 -1 -1 -1 -1 -1 -1 -1 -1 -1 6 -1 -1 -1 -1 -1 -1 -1 -1 -1 -1 -1 -1 -1 -1 -1 -1 -1 -1 -1 -1 1 12 -1 6 -1 -1 -1 -1 -1 6 -1 -1 -1 -1 -1 6 -1 -1 -1 -1 -1 6 -1 -1 -1 -1 -1 6 -1 -1 -1 -1 -1 6 -1 -1 -1 -1 -1 -1 -1 -1 -1 -1 -1 -1 -1 -1 -1 -1 -1 -1 -1 -1 -1 -1 -1 6 -1 -1 6 -1 -1 1 12 -1 6 -1 -1 6 -1 -1 6 -1 -1 15 -1 -1 -1 -1 -1 -1 -1 -1 -1 -1 -1 15 -1 -1 1 0 
-1 -1 -1 -1 -1 -1 -1 1 3 -1 -1 6 -1 -1 6 -1 -1 -1 -1 -1 1 7 -1 -1 -1 5 0 7 -1 -1 -1 5 3 -1 -1 6 -1 -1 -1 -1 -1 -1 -1 -1 -1 -1 -1 6 -1 -1 -1 -1 -1 -1 -1 -1 -1 -1 -1 -1 -1 -1 -1 -1 -1 -1 -1 14 3 -1 -1 6 -1 -1 -1 -1 -1 6 -1 -1 -1 -1 -1 6 -1 -1 -1 -1 14 3 -1 -1 -1 -1 5 3 -1 -1 -1 -1 -1 6 -1 -1 -1 -1 -1 -1 -1 -1 -1 -1 -1 -1 -1 -1 -1 -1 -1 -1 -1 -1 -1 -1 14 3 -1 -1 6 -1 -1 6 -1 -1 6 -1 -1 6 -1 -1 6 -1 -1 -1 -1 -1 -1 -1 -1 -1 -1 -1 -1 -1 -1 -1 -1 -1 1 0 
-1 -1 -1 -1 -1 -1 -1 1 3 -1 14 4 8 8 4 8 8 8 8 8 4 4 8 8 8 4 4 4 8 8 8 4 9 -1 14 4 8 8 12 -1 -1 5 8 8 12 -1 -1 13 -1 -1 5 8 8 8 8 8 8 8 8 8 8 8 8 8 8 12 -1 -1 6 -1 14 4 8 8 8 8 8 4 8 8 8 8 8 9 -1 -1 11 -1 -1 10 8 8 8 8 4 9 -1 -1 11 -1 -1 13 -1 -1 5 8 8 8 8 8 8 8 8 8 8 8 8 8 8 12 -1 -1 11 -1 -1 10 8 8 9 -1 -1 1 12 -1 10 8 8 4 8 8 9 -1 15 -1 -1 -1 -1 -1 -1 -1 -1 -1 -1 -1 -1 -1 15 -1 1 0 
-1 -1 -1 -1 -1 -1 -1 1 3 -1 -1 -1 -1 -1 -1 -1 -1 -1 -1 -1 -1 -1 -1 -1 -1 -1 -1 -1 -1 -1 -1 -1 -1 -1 -1 -1 -1 -1 -1 -1 -1 6 -1 -1 -1 -1 -1 -1 -1 -1 6 -1 -1 -1 -1 -1 -1 -1 -1 -1 -1 -1 -1 -1 -1 -1 -1 -1 6 -1 -1 -1 -1 -1 -1 -1 -1 -1 -1 -1 -1 -1 -1 -1 -1 -1 6 -1 -1 -1 -1 -1 -1 -1 -1 -1 -1 -1 6 -1 -1 -1 -1 -1 6 -1 -1 -1 -1 -1 -1 -1 -1 -1 -1 -1 -1 -1 -1 -1 -1 -1 6 -1 -1 -1 -1 -1 -1 -1 -1 6 -1 -1 -1 -1 -1 -1 -1 -1 -1 -1 -1 -1 -1 -1 -1 -1 -1 -1 -1 -1 -1 -1 -1 -1 -1 -1 1 0 
-1 -1 -1 -1 -1 -1 -1 1 0 7 -1 -1 -1 -1 -1 -1 -1 -1 -1 -1 -1 -1 -1 -1 -1 -1 -1 -1 -1 -1 -1 -1 -1 5 7 -1 -1 -1 -1 -1 5 3 -1 -1 -1 5 7 -1 -1 5 3 -1 -1 -1 -1 -1 -1 -1 -1 -1 -1 -1 -1 -1 -1 -1 -1 5 0 7 -1 -1 -1 -1 -1 -1 -1 -1 -1 -1 -1 -1 -1 -1 -1 5 0 7 -1 -1 -1 -1 -1 -1 -1 -1 -1 5 0 7 -1 -1 -1 5 3 -1 -1 -1 -1 -1 -1 -1 -1 -1 -1 -1 -1 -1 -1 -1 -1 5 0 7 -1 -1 -1 -1 -1 -1 -1 1 7 -1 -1 -1 -1 -1 -1 -1 -1 -1 -1 -1 11 -1 -1 -1 -1 -1 -1 -1 -1 -1 11 -1 -1 -1 1 0 
-1 -1 -1 -1 -1 -1 -1 1 0 0 2 2 2 2 2 2 2 2 2 2 2 2 2 2 2 2 2 2 2 2 2 2 2 0 0 2 2 2 2 2 0 0 2 2 2 0 0 2 2 0 0 2 2 2 2 2 2 2 2 2 2 2 2 2 2 2 2 0 0 0 2 2 2 2 2 2 2 2 2 2 2 2 2 2 2 0 0 0 2 2 2 2 2 2 2 2 2 0 0 0 2 2 2 0 0 2 2 2 2 2 2 2 2 2 2 2 2 2 2 2 2 0 0 0 2 2 2 2 2 2 2 0 0 2 2 2 2 2 2 2 2 2 2 2 0 2 2 2 2 2 2 2 2 2 0 2 2 2 0 0 
-1 -1 -1 -1 -1 -1 -1 10 4 4 4 4 4 4 4 4 4 4 4 4 4 4 4 4 4 4 4 4 4 4 4 4 4 4 4 4 4 4 4 4 4 4 4 4 4 4 4 4 4 4 4 4 4 4 4 4 4 4 4 4 4 4 4 4 4 4 4 4 4 4 4 4 4 4 4 4 4 4 4 4 4 4 4 4 4 4 4 4 4 4 4 4 4 4 4 4 4 4 4 4 4 4 4 4 4 4 4 4 4 4 4 4 4 4 4 4 4 4 4 4 4 4 4 4 4 4 4 4 4 4 4 4 4 4 4 4 4 4 4 4 4 4 4 4 4 4 4 4 4 4 4 4 4 4 4 4 4 4 4 4 
-1 -1 -1 -1 -1 -1 -1 -1 -1 -1 -1 -1 -1 -1 -1 -1 -1 -1 -1 -1 -1 -1 -1 -1 -1 -1 -1 -1 -1 -1 -1 -1 -1 -1 -1 -1 -1 -1 -1 -1 -1 -1 -1 -1 -1 -1 -1 -1 -1 -1 -1 -1 -1 -1 -1 -1 -1 -1 -1 -1 -1 -1 -1 -1 -1 -1 -1 -1 -1 -1 -1 -1 -1 -1 -1 -1 -1 -1 -1 -1 -1 -1 -1 -1 -1 -1 -1 -1 -1 -1 -1 -1 -1 -1 -1 -1 -1 -1 -1 -1 -1 -1 -1 -1 -1 -1 -1 -1 -1 -1 -1 -1 -1 -1 -1 -1 -1 -1 -1 -1 -1 -1 -1 -1 -1 -1 -1 -1 -1 -1 -1 -1 -1 -1 -1 -1 -1 -1 -1 -1 -1 -1 -1 -1 -1 -1 -1 -1 -1 -1 -1 -1 -1 -1 -1 -1 -1 -1 -1 -1 
-1 -1 -1 -1 -1 -1 -1 -1 -1 -1 -1 -1 -1 -1 -1 -1 -1 -1 -1 -1 -1 -1 -1 -1 -1 -1 -1 -1 -1 -1 -1 -1 -1 -1 -1 -1 -1 -1 -1 -1 -1 -1 -1 -1 -1 -1 -1 -1 -1 -1 -1 -1 -1 -1 -1 -1 -1 -1 -1 -1 -1 -1 -1 -1 -1 -1 -1 -1 -1 -1 -1 -1 -1 -1 -1 -1 -1 -1 -1 -1 -1 -1 -1 -1 -1 -1 -1 -1 -1 -1 -1 -1 -1 -1 -1 -1 -1 -1 -1 -1 -1 -1 -1 -1 -1 -1 -1 -1 -1 -1 -1 -1 -1 -1 -1 -1 -1 -1 -1 -1 -1 -1 -1 -1 -1 -1 -1 -1 -1 -1 -1 -1 -1 -1 -1 -1 -1 -1 -1 -1 -1 -1 -1 -1 -1 -1 -1 -1 -1 -1 -1 -1 -1 -1 -1 -1 -1 -1 -1 -1 
-1 -1 -1 -1 -1 -1 -1 -1 -1 -1 -1 -1 -1 -1 -1 -1 -1 -1 -1 -1 -1 -1 -1 -1 -1 -1 -1 -1 -1 -1 -1 -1 -1 -1 -1 -1 -1 -1 -1 -1 -1 -1 -1 -1 -1 -1 -1 -1 -1 -1 -1 -1 -1 -1 -1 -1 -1 -1 -1 -1 -1 -1 -1 -1 -1 -1 -1 -1 -1 -1 -1 -1 -1 -1 -1 -1 -1 -1 -1 -1 -1 -1 -1 -1 -1 -1 -1 -1 -1 -1 -1 -1 -1 -1 -1 -1 -1 -1 -1 -1 -1 -1 -1 -1 -1 -1 -1 -1 -1 -1 -1 -1 -1 -1 -1 -1 -1 -1 -1 -1 -1 -1 -1 -1 -1 -1 -1 -1 -1 -1 -1 -1 -1 -1 -1 -1 -1 -1 -1 -1 -1 -1 -1 -1 -1 -1 -1 -1 -1 -1 -1 -1 -1 -1 -1 -1 -1 -1 -1 -1 
-1 -1 -1 -1 -1 -1 -1 -1 -1 -1 -1 -1 -1 -1 -1 -1 -1 -1 -1 -1 -1 -1 -1 -1 -1 -1 -1 -1 -1 -1 -1 -1 -1 -1 -1 -1 -1 -1 -1 -1 -1 -1 -1 -1 -1 -1 -1 -1 -1 -1 -1 -1 -1 -1 -1 -1 -1 -1 -1 -1 -1 -1 -1 -1 -1 -1 -1 -1 -1 -1 -1 -1 -1 -1 -1 -1 -1 -1 -1 -1 -1 -1 -1 -1 -1 -1 -1 -1 -1 -1 -1 -1 -1 -1 -1 -1 -1 -1 -1 -1 -1 -1 -1 -1 -1 -1 -1 -1 -1 -1 -1 -1 -1 -1 -1 -1 -1 -1 -1 -1 -1 -1 -1 -1 -1 -1 -1 -1 -1 -1 -1 -1 -1 -1 -1 -1 -1 -1 -1 -1 -1 -1 -1 -1 -1 -1 -1 -1 -1 -1 -1 -1 -1 -1 -1 -1 -1 -1 -1 -1 
#Enemy: 45
0 6 15 14 17
0 9 104 95 110
0 12 123 112 126
2 30 64 62 66
0 30 80 77 81
1 33 73 70 75
1 36 17 10 26
0 36 20 10 26
0 36 128 125 134
2 39 17 11 32
2 39 20 11 32
2 39 24 11 32
3 48 12 11 15
1 51 14 10 17
1 54 23 19 32
3 54 26 19 32
0 69 99 95 123
3 69 102 95 123
0 69 105 95 123
2 69 108 95 123
1 69 111 95 122
1 69 114 96 123
0 81 40 34 50
3 81 44 34 50
1 84 39 35 47
3 84 43 35 47
1 111 17 14 32
3 111 20 14 32
0 111 23 14 32
1 114 20 13 26
0 114 23 13 26
2 117 15 11 27
1 117 18 11 27
1 120 17 10 23
0 120 20 10 23
3 120 29 26 32
3 120 92 89 95
0 132 43 38 56
0 132 47 38 56
0 138 99 95 104
4 146 149 149 149
1 153 75 70 82
1 153 79 71 83
1 153 82 72 84
1 153 137 133 143
